Date,Symbol,Name,Price,Change
2021-07-28 08:57:42.055122,LTC-USD,Litecoin USD,139.39,+5.5707%
2021-07-28 08:57:46.440422,LTC-USD,Litecoin USD,139.39,+5.5707%
2021-07-28 08:57:50.885686,LTC-USD,Litecoin USD,139.39,+5.5707%
2021-07-28 08:57:55.209241,LTC-USD,Litecoin USD,139.39,+5.5707%
2021-07-28 08:57:59.316426,LTC-USD,Litecoin USD,139.39,+5.5707%
2021-07-28 08:58:05.887166,LTC-USD,Litecoin USD,139.39,+5.5707%
2021-07-28 08:58:10.628540,LTC-USD,Litecoin USD,139.39,+5.5707%
2021-07-28 08:58:15.631844,LTC-USD,Litecoin USD,139.36,+5.575%
2021-07-28 08:58:19.750234,LTC-USD,Litecoin USD,139.36,+5.575%
2021-07-28 08:58:24.614291,LTC-USD,Litecoin USD,139.36,+5.575%
2021-07-28 08:58:29.444570,LTC-USD,Litecoin USD,139.36,+5.575%
2021-07-28 08:58:35.873641,LTC-USD,Litecoin USD,139.36,+5.575%
2021-07-28 08:58:40.306910,LTC-USD,Litecoin USD,139.36,+5.575%
2021-07-28 08:58:46.130323,LTC-USD,Litecoin USD,139.36,+5.575%
2021-07-28 08:58:51.570972,LTC-USD,Litecoin USD,139.36,+5.575%
2021-07-28 08:58:56.672450,LTC-USD,Litecoin USD,139.36,+5.575%
2021-07-28 08:59:01.210164,LTC-USD,Litecoin USD,139.36,+5.575%
2021-07-28 08:59:06.452920,LTC-USD,Litecoin USD,139.36,+5.575%
2021-07-28 08:59:10.868555,LTC-USD,Litecoin USD,139.36,+5.575%
2021-07-28 08:59:15.484789,LTC-USD,Litecoin USD,139.36,+5.575%
2021-07-28 08:59:19.675753,LTC-USD,Litecoin USD,139.43,+5.5851%
2021-07-28 08:59:24.814801,LTC-USD,Litecoin USD,139.43,+5.5851%
2021-07-28 08:59:29.428883,LTC-USD,Litecoin USD,139.43,+5.5851%
2021-07-28 08:59:34.633730,LTC-USD,Litecoin USD,139.43,+5.5851%
2021-07-28 08:59:38.972776,LTC-USD,Litecoin USD,139.43,+5.5851%
2021-07-28 08:59:43.421820,LTC-USD,Litecoin USD,139.43,+5.5851%
2021-07-28 08:59:48.131365,LTC-USD,Litecoin USD,139.43,+5.5851%
2021-07-28 08:59:52.333745,LTC-USD,Litecoin USD,139.43,+5.5851%
2021-07-28 08:59:56.749618,LTC-USD,Litecoin USD,139.43,+5.5851%
2021-07-28 09:00:01.161523,LTC-USD,Litecoin USD,139.43,+5.5851%
2021-07-28 09:00:06.624172,LTC-USD,Litecoin USD,139.43,+5.5851%
2021-07-28 09:00:11.209271,LTC-USD,Litecoin USD,139.43,+5.5851%
2021-07-28 09:00:16.320827,LTC-USD,Litecoin USD,139.43,+5.5851%
2021-07-28 09:00:21.097187,LTC-USD,Litecoin USD,139.43,+5.5851%
2021-07-28 09:00:25.525281,LTC-USD,Litecoin USD,139.47,+5.573%
2021-07-28 09:00:30.005423,LTC-USD,Litecoin USD,139.47,+5.573%
2021-07-28 09:00:35.659384,LTC-USD,Litecoin USD,139.47,+5.573%
2021-07-28 09:00:39.930138,LTC-USD,Litecoin USD,139.47,+5.573%
2021-07-28 09:00:44.580744,LTC-USD,Litecoin USD,139.47,+5.573%
2021-07-28 09:00:48.994763,LTC-USD,Litecoin USD,139.47,+5.573%
2021-07-28 09:00:53.964562,LTC-USD,Litecoin USD,139.47,+5.573%
2021-07-28 09:00:58.577553,LTC-USD,Litecoin USD,139.47,+5.573%
2021-07-28 09:01:04.143227,LTC-USD,Litecoin USD,139.47,+5.573%
2021-07-28 09:01:08.931229,LTC-USD,Litecoin USD,139.47,+5.573%
2021-07-28 09:01:13.539997,LTC-USD,Litecoin USD,139.47,+5.6129%
2021-07-28 09:01:18.848728,LTC-USD,Litecoin USD,139.55,+5.6129%
2021-07-28 09:01:23.805625,LTC-USD,Litecoin USD,139.55,+5.6129%
2021-07-28 09:01:28.394585,LTC-USD,Litecoin USD,139.55,+5.6129%
2021-07-28 09:01:32.794513,LTC-USD,Litecoin USD,139.55,+5.6129%
2021-07-28 09:01:37.467643,LTC-USD,Litecoin USD,139.55,+5.6129%
2021-07-28 09:01:42.582052,LTC-USD,Litecoin USD,139.55,+5.6129%
2021-07-28 09:01:49.034326,LTC-USD,Litecoin USD,139.55,+5.6129%
2021-07-28 09:01:54.097207,LTC-USD,Litecoin USD,139.55,+5.6129%
2021-07-28 09:01:59.246367,LTC-USD,Litecoin USD,139.55,+5.6129%
2021-07-28 09:02:04.385201,LTC-USD,Litecoin USD,139.55,+5.6129%
2021-07-28 09:02:08.476248,LTC-USD,Litecoin USD,139.55,+5.6129%
2021-07-28 09:02:13.036374,LTC-USD,Litecoin USD,139.55,+5.6129%
2021-07-28 09:02:17.605648,LTC-USD,Litecoin USD,139.72,+5.8523%
2021-07-28 09:02:21.932064,LTC-USD,Litecoin USD,139.72,+5.8523%
2021-07-28 09:02:26.109705,LTC-USD,Litecoin USD,139.72,+5.8523%
2021-07-28 09:02:30.215813,LTC-USD,Litecoin USD,139.72,+5.8523%
2021-07-28 09:02:34.702563,LTC-USD,Litecoin USD,139.72,+5.8523%
2021-07-28 09:02:39.208379,LTC-USD,Litecoin USD,139.72,+5.8523%
2021-07-28 09:02:44.138429,LTC-USD,Litecoin USD,139.72,+5.8523%
2021-07-28 09:02:48.732680,LTC-USD,Litecoin USD,139.72,+5.8523%
2021-07-28 09:02:52.809376,LTC-USD,Litecoin USD,139.72,+5.8523%
2021-07-28 09:02:57.269097,LTC-USD,Litecoin USD,139.72,+5.8523%
2021-07-28 09:03:01.943344,LTC-USD,Litecoin USD,139.72,+5.8523%
2021-07-28 09:03:06.274043,LTC-USD,Litecoin USD,139.72,+5.8523%
2021-07-28 09:03:10.504648,LTC-USD,Litecoin USD,139.72,+5.8523%
2021-07-28 09:03:15.890887,LTC-USD,Litecoin USD,139.72,+5.8523%
2021-07-28 09:03:20.135944,LTC-USD,Litecoin USD,139.73,+5.9162%
2021-07-28 09:03:24.842896,LTC-USD,Litecoin USD,139.73,+5.9162%
2021-07-28 09:03:29.075771,LTC-USD,Litecoin USD,139.73,+5.9162%
2021-07-28 09:03:34.158634,LTC-USD,Litecoin USD,139.73,+5.9162%
2021-07-28 09:03:38.845022,LTC-USD,Litecoin USD,139.73,+5.9162%
2021-07-28 09:03:43.509152,LTC-USD,Litecoin USD,139.73,+5.9162%
2021-07-28 09:03:47.902446,LTC-USD,Litecoin USD,139.73,+5.9162%
2021-07-28 09:03:52.559559,LTC-USD,Litecoin USD,139.73,+5.9162%
2021-07-28 09:03:59.526372,LTC-USD,Litecoin USD,139.73,+5.9162%
2021-07-28 09:04:04.461485,LTC-USD,Litecoin USD,139.73,+5.9162%
2021-07-28 09:04:08.975705,LTC-USD,Litecoin USD,139.73,+5.9162%
2021-07-28 09:04:13.420966,LTC-USD,Litecoin USD,139.73,+5.9162%
2021-07-28 09:04:17.814263,LTC-USD,Litecoin USD,139.65,+5.9597%
2021-07-28 09:04:22.294505,LTC-USD,Litecoin USD,139.65,+5.9597%
2021-07-28 09:04:27.608234,LTC-USD,Litecoin USD,139.65,+5.9597%
2021-07-28 09:04:32.449254,LTC-USD,Litecoin USD,139.65,+5.9597%
2021-07-28 09:04:37.002520,LTC-USD,Litecoin USD,139.65,+5.9597%
2021-07-28 09:04:41.609768,LTC-USD,Litecoin USD,139.65,+5.9597%
2021-07-28 09:04:46.623891,LTC-USD,Litecoin USD,139.65,+5.9597%
2021-07-28 09:04:51.131702,LTC-USD,Litecoin USD,139.65,+5.9597%
2021-07-28 09:04:55.353418,LTC-USD,Litecoin USD,139.65,+5.9597%
2021-07-28 09:04:59.444588,LTC-USD,Litecoin USD,139.65,+5.9597%
2021-07-28 09:05:04.710348,LTC-USD,Litecoin USD,139.65,+5.9597%
2021-07-28 09:05:09.407964,LTC-USD,Litecoin USD,139.65,+5.9597%
2021-07-28 09:05:13.452156,LTC-USD,Litecoin USD,139.65,+5.9597%
2021-07-28 09:05:17.941478,LTC-USD,Litecoin USD,139.29,+5.7623%
2021-07-28 09:05:22.049972,LTC-USD,Litecoin USD,139.29,+5.7623%
2021-07-28 09:05:26.440207,LTC-USD,Litecoin USD,139.29,+5.7623%
2021-07-28 09:05:30.876534,LTC-USD,Litecoin USD,139.29,+5.7623%
2021-07-28 09:05:34.965319,LTC-USD,Litecoin USD,139.29,+5.7623%
2021-07-28 09:05:39.001866,LTC-USD,Litecoin USD,139.29,+5.7623%
2021-07-28 09:05:43.216890,LTC-USD,Litecoin USD,139.29,+5.7623%
2021-07-28 09:05:47.756826,LTC-USD,Litecoin USD,139.29,+5.7623%
2021-07-28 09:05:52.122765,LTC-USD,Litecoin USD,139.29,+5.7623%
2021-07-28 09:05:56.376430,LTC-USD,Litecoin USD,139.29,+5.7623%
2021-07-28 09:06:00.514720,LTC-USD,Litecoin USD,139.29,+5.7623%
2021-07-28 09:06:05.318638,LTC-USD,Litecoin USD,139.29,+5.7623%
2021-07-28 09:06:09.655031,LTC-USD,Litecoin USD,139.29,+5.7623%
2021-07-28 09:06:13.774337,LTC-USD,Litecoin USD,139.29,+5.7623%
2021-07-28 09:06:18.029776,LTC-USD,Litecoin USD,139.31,+5.703%
2021-07-28 09:06:22.254802,LTC-USD,Litecoin USD,139.31,+5.703%
2021-07-28 09:06:27.552764,LTC-USD,Litecoin USD,139.31,+5.703%
2021-07-28 09:06:31.956355,LTC-USD,Litecoin USD,139.31,+5.703%
2021-07-28 09:06:36.147100,LTC-USD,Litecoin USD,139.31,+5.703%
2021-07-28 09:06:40.339484,LTC-USD,Litecoin USD,139.31,+5.703%
2021-07-28 09:06:44.530358,LTC-USD,Litecoin USD,139.31,+5.703%
2021-07-28 09:06:48.769494,LTC-USD,Litecoin USD,139.31,+5.703%
2021-07-28 09:06:53.217302,LTC-USD,Litecoin USD,139.31,+5.703%
2021-07-28 09:06:57.357892,LTC-USD,Litecoin USD,139.31,+5.703%
2021-07-28 09:07:01.787951,LTC-USD,Litecoin USD,139.31,+5.703%
2021-07-28 09:07:07.012816,LTC-USD,Litecoin USD,139.31,+5.703%
2021-07-28 09:07:11.525200,LTC-USD,Litecoin USD,139.31,+5.703%
2021-07-28 09:07:15.653307,LTC-USD,Litecoin USD,139.51,+5.9739%
2021-07-28 09:07:19.845285,LTC-USD,Litecoin USD,139.51,+5.9739%
2021-07-28 09:07:24.042294,LTC-USD,Litecoin USD,139.51,+5.9739%
2021-07-28 09:07:28.222132,LTC-USD,Litecoin USD,139.51,+5.9739%
2021-07-28 09:07:32.404593,LTC-USD,Litecoin USD,139.51,+5.9739%
2021-07-28 09:07:37.455504,LTC-USD,Litecoin USD,139.51,+5.9739%
2021-07-28 09:07:41.801395,LTC-USD,Litecoin USD,139.51,+5.9739%
2021-07-28 09:07:46.129434,LTC-USD,Litecoin USD,139.51,+5.9739%
2021-07-28 09:07:50.340542,LTC-USD,Litecoin USD,139.51,+5.9739%
2021-07-28 09:07:54.330837,LTC-USD,Litecoin USD,139.51,+5.9739%
2021-07-28 09:07:58.376629,LTC-USD,Litecoin USD,139.51,+5.9739%
2021-07-28 09:08:02.465797,LTC-USD,Litecoin USD,139.51,+5.9739%
2021-07-28 09:08:06.696652,LTC-USD,Litecoin USD,139.51,+5.9739%
2021-07-28 09:08:11.081013,LTC-USD,Litecoin USD,139.51,+5.9739%
2021-07-28 09:08:15.273186,LTC-USD,Litecoin USD,139.51,+5.9739%
2021-07-28 09:08:19.866388,LTC-USD,Litecoin USD,139.7,+6.2725%
2021-07-28 09:08:24.021442,LTC-USD,Litecoin USD,139.7,+6.2725%
2021-07-28 09:08:28.252468,LTC-USD,Litecoin USD,139.7,+6.2725%
2021-07-28 09:08:32.379493,LTC-USD,Litecoin USD,139.7,+6.2725%
2021-07-28 09:08:36.684849,LTC-USD,Litecoin USD,139.7,+6.2725%
2021-07-28 09:08:40.743103,LTC-USD,Litecoin USD,139.7,+6.2725%
2021-07-28 09:08:45.064991,LTC-USD,Litecoin USD,139.7,+6.2725%
2021-07-28 09:08:49.326368,LTC-USD,Litecoin USD,139.7,+6.2725%
2021-07-28 09:08:53.475828,LTC-USD,Litecoin USD,139.7,+6.2725%
2021-07-28 09:08:57.641889,LTC-USD,Litecoin USD,139.7,+6.2725%
2021-07-28 09:09:01.929136,LTC-USD,Litecoin USD,139.7,+6.2725%
2021-07-28 09:09:05.981400,LTC-USD,Litecoin USD,139.7,+6.2725%
2021-07-28 09:09:10.352729,LTC-USD,Litecoin USD,139.7,+6.2725%
2021-07-28 09:09:14.657086,LTC-USD,Litecoin USD,139.7,+6.2487%
2021-07-28 09:09:18.825674,LTC-USD,Litecoin USD,139.7,+6.2487%
2021-07-28 09:09:22.785751,LTC-USD,Litecoin USD,139.7,+6.2487%
2021-07-28 09:09:26.963419,LTC-USD,Litecoin USD,139.7,+6.2487%
2021-07-28 09:09:31.163101,LTC-USD,Litecoin USD,139.7,+6.2487%
2021-07-28 09:09:35.332320,LTC-USD,Litecoin USD,139.7,+6.2487%
2021-07-28 09:09:39.434918,LTC-USD,Litecoin USD,139.7,+6.2487%
2021-07-28 09:09:43.600364,LTC-USD,Litecoin USD,139.7,+6.2487%
2021-07-28 09:09:47.649523,LTC-USD,Litecoin USD,139.7,+6.2487%
2021-07-28 09:09:51.784255,LTC-USD,Litecoin USD,139.7,+6.2487%
2021-07-28 09:09:55.782222,LTC-USD,Litecoin USD,139.7,+6.2487%
2021-07-28 09:10:00.068513,LTC-USD,Litecoin USD,139.7,+6.2487%
2021-07-28 09:10:05.054375,LTC-USD,Litecoin USD,139.7,+6.2487%
2021-07-28 09:10:11.258230,LTC-USD,Litecoin USD,139.7,+6.2487%
2021-07-28 09:10:15.864395,LTC-USD,Litecoin USD,139.7,+6.2487%
2021-07-28 09:10:20.329136,LTC-USD,Litecoin USD,139.73,+6.1947%
2021-07-28 09:10:24.825341,LTC-USD,Litecoin USD,139.73,+6.1947%
2021-07-28 09:10:29.360204,LTC-USD,Litecoin USD,139.73,+6.1947%
2021-07-28 09:10:33.758327,LTC-USD,Litecoin USD,139.73,+6.1947%
2021-07-28 09:10:37.879259,LTC-USD,Litecoin USD,139.73,+6.1947%
2021-07-28 09:10:42.207624,LTC-USD,Litecoin USD,139.73,+6.1947%
2021-07-28 09:10:46.444277,LTC-USD,Litecoin USD,139.73,+6.1947%
2021-07-28 09:10:50.637849,LTC-USD,Litecoin USD,139.73,+6.1947%
2021-07-28 09:10:54.683104,LTC-USD,Litecoin USD,139.73,+6.1947%
2021-07-28 09:10:58.650087,LTC-USD,Litecoin USD,139.73,+6.1947%
2021-07-28 09:11:03.213774,LTC-USD,Litecoin USD,139.73,+6.1947%
2021-07-28 09:11:07.705982,LTC-USD,Litecoin USD,139.73,+6.1947%
2021-07-28 09:11:12.117084,LTC-USD,Litecoin USD,139.73,+6.1947%
2021-07-28 09:11:16.092923,LTC-USD,Litecoin USD,139.8,+6.1691%
2021-07-28 09:11:20.127544,LTC-USD,Litecoin USD,139.8,+6.1691%
2021-07-28 09:11:24.226123,LTC-USD,Litecoin USD,139.8,+6.1691%
2021-07-28 09:11:28.204908,LTC-USD,Litecoin USD,139.8,+6.1691%
2021-07-28 09:11:32.228402,LTC-USD,Litecoin USD,139.8,+6.1691%
2021-07-28 09:11:37.334242,LTC-USD,Litecoin USD,139.8,+6.1691%
2021-07-28 09:11:42.050477,LTC-USD,Litecoin USD,139.8,+6.1691%
2021-07-28 09:11:46.191748,LTC-USD,Litecoin USD,139.8,+6.1691%
2021-07-28 09:11:50.581546,LTC-USD,Litecoin USD,139.8,+6.1691%
2021-07-28 09:11:54.738036,LTC-USD,Litecoin USD,139.8,+6.1691%
2021-07-28 09:11:58.750990,LTC-USD,Litecoin USD,139.8,+6.1691%
2021-07-28 09:12:03.163889,LTC-USD,Litecoin USD,139.8,+6.1691%
2021-07-28 09:12:07.454442,LTC-USD,Litecoin USD,139.8,+6.1691%
2021-07-28 09:12:12.530099,LTC-USD,Litecoin USD,139.8,+6.1691%
2021-07-28 09:12:17.443079,LTC-USD,Litecoin USD,139.82,+6.1695%
2021-07-28 09:12:22.436004,LTC-USD,Litecoin USD,139.82,+6.1695%
2021-07-28 09:12:27.003923,LTC-USD,Litecoin USD,139.82,+6.1695%
2021-07-28 09:12:31.736158,LTC-USD,Litecoin USD,139.82,+6.1695%
2021-07-28 09:12:36.061493,LTC-USD,Litecoin USD,139.82,+6.1695%
2021-07-28 09:12:40.200444,LTC-USD,Litecoin USD,139.82,+6.1695%
2021-07-28 09:12:44.349883,LTC-USD,Litecoin USD,139.82,+6.1695%
2021-07-28 09:12:48.573855,LTC-USD,Litecoin USD,139.82,+6.1695%
2021-07-28 09:12:52.787136,LTC-USD,Litecoin USD,139.82,+6.1695%
2021-07-28 09:12:56.983574,LTC-USD,Litecoin USD,139.82,+6.1695%
2021-07-28 09:13:00.980002,LTC-USD,Litecoin USD,139.82,+6.1695%
2021-07-28 09:13:05.228937,LTC-USD,Litecoin USD,139.82,+6.1695%
2021-07-28 09:13:09.349449,LTC-USD,Litecoin USD,139.82,+6.1695%
2021-07-28 09:13:13.565914,LTC-USD,Litecoin USD,139.82,+6.1695%
2021-07-28 09:13:17.764315,LTC-USD,Litecoin USD,139.8,+6.1475%
2021-07-28 09:13:23.372093,LTC-USD,Litecoin USD,139.8,+6.1475%
2021-07-28 09:13:27.572957,LTC-USD,Litecoin USD,139.8,+6.1475%
2021-07-28 09:13:32.146914,LTC-USD,Litecoin USD,139.8,+6.1475%
2021-07-28 09:13:38.572137,LTC-USD,Litecoin USD,139.8,+6.1475%
2021-07-28 09:13:42.839844,LTC-USD,Litecoin USD,139.8,+6.1475%
2021-07-28 09:13:47.254634,LTC-USD,Litecoin USD,139.8,+6.1475%
2021-07-28 09:13:51.618029,LTC-USD,Litecoin USD,139.8,+6.1475%
2021-07-28 09:13:56.060744,LTC-USD,Litecoin USD,139.8,+6.1475%
2021-07-28 09:14:00.621917,LTC-USD,Litecoin USD,139.8,+6.1475%
2021-07-28 09:14:05.665813,LTC-USD,Litecoin USD,139.8,+6.1475%
2021-07-28 09:14:10.044116,LTC-USD,Litecoin USD,139.8,+6.1475%
2021-07-28 09:14:14.831168,LTC-USD,Litecoin USD,139.84,+6.1922%
2021-07-28 09:14:19.135518,LTC-USD,Litecoin USD,139.84,+6.1922%
2021-07-28 09:14:23.467852,LTC-USD,Litecoin USD,139.84,+6.1922%
2021-07-28 09:14:27.856807,LTC-USD,Litecoin USD,139.84,+6.1922%
2021-07-28 09:14:32.161076,LTC-USD,Litecoin USD,139.84,+6.1922%
2021-07-28 09:14:36.170633,LTC-USD,Litecoin USD,139.84,+6.1922%
2021-07-28 09:14:40.225871,LTC-USD,Litecoin USD,139.84,+6.1922%
2021-07-28 09:14:44.340469,LTC-USD,Litecoin USD,139.84,+6.1922%
2021-07-28 09:14:48.459399,LTC-USD,Litecoin USD,139.84,+6.1922%
2021-07-28 09:14:52.661219,LTC-USD,Litecoin USD,139.84,+6.1922%
2021-07-28 09:14:56.850139,LTC-USD,Litecoin USD,139.84,+6.1922%
2021-07-28 09:15:00.818287,LTC-USD,Litecoin USD,139.84,+6.1922%
2021-07-28 09:15:05.031218,LTC-USD,Litecoin USD,139.84,+6.1922%
2021-07-28 09:15:09.041865,LTC-USD,Litecoin USD,139.84,+6.1922%
2021-07-28 09:15:13.044981,LTC-USD,Litecoin USD,139.84,+6.1922%
2021-07-28 09:15:17.560987,LTC-USD,Litecoin USD,139.81,+6.1192%
2021-07-28 09:15:21.736102,LTC-USD,Litecoin USD,139.81,+6.1192%
2021-07-28 09:15:27.439589,LTC-USD,Litecoin USD,139.81,+6.1192%
2021-07-28 09:15:31.788991,LTC-USD,Litecoin USD,139.81,+6.1192%
2021-07-28 09:15:42.175657,LTC-USD,Litecoin USD,139.81,+6.1192%
2021-07-28 09:15:46.696896,LTC-USD,Litecoin USD,139.81,+6.1192%
2021-07-28 09:15:51.477951,LTC-USD,Litecoin USD,139.81,+6.1192%
2021-07-28 09:15:56.446358,LTC-USD,Litecoin USD,139.81,+6.1192%
2021-07-28 09:16:00.920952,LTC-USD,Litecoin USD,139.81,+6.1192%
2021-07-28 09:16:05.577086,LTC-USD,Litecoin USD,139.81,+6.1192%
2021-07-28 09:16:09.858642,LTC-USD,Litecoin USD,139.81,+6.1192%
2021-07-28 09:16:14.579655,LTC-USD,Litecoin USD,139.9,+6.1686%
2021-07-28 09:16:18.741348,LTC-USD,Litecoin USD,139.9,+6.1686%
2021-07-28 09:16:23.159354,LTC-USD,Litecoin USD,139.9,+6.1686%
2021-07-28 09:16:27.873158,LTC-USD,Litecoin USD,139.9,+6.1686%
2021-07-28 09:16:33.076259,LTC-USD,Litecoin USD,139.9,+6.1686%
2021-07-28 09:16:37.982462,LTC-USD,Litecoin USD,139.9,+6.1686%
2021-07-28 09:16:42.371856,LTC-USD,Litecoin USD,139.9,+6.1686%
2021-07-28 09:16:46.464445,LTC-USD,Litecoin USD,139.9,+6.1686%
2021-07-28 09:16:50.969847,LTC-USD,Litecoin USD,139.9,+6.1686%
2021-07-28 09:16:55.059025,LTC-USD,Litecoin USD,139.9,+6.1686%
2021-07-28 09:16:59.272823,LTC-USD,Litecoin USD,139.9,+6.1686%
2021-07-28 09:17:03.785521,LTC-USD,Litecoin USD,139.9,+6.1686%
2021-07-28 09:17:08.695624,LTC-USD,Litecoin USD,139.9,+6.1686%
2021-07-28 09:17:12.907445,LTC-USD,Litecoin USD,139.9,+6.1686%
2021-07-28 09:17:17.825150,LTC-USD,Litecoin USD,139.92,+6.2181%
2021-07-28 09:17:22.630267,LTC-USD,Litecoin USD,139.92,+6.2181%
2021-07-28 09:17:27.388335,LTC-USD,Litecoin USD,139.92,+6.2181%
2021-07-28 09:17:32.120325,LTC-USD,Litecoin USD,139.92,+6.2181%
2021-07-28 09:17:37.040644,LTC-USD,Litecoin USD,139.92,+6.2181%
2021-07-28 09:17:41.355324,LTC-USD,Litecoin USD,139.92,+6.2181%
2021-07-28 09:17:45.351150,LTC-USD,Litecoin USD,139.92,+6.2181%
2021-07-28 09:17:49.691236,LTC-USD,Litecoin USD,139.92,+6.2181%
2021-07-28 09:17:54.833722,LTC-USD,Litecoin USD,139.92,+6.2181%
2021-07-28 09:17:59.099723,LTC-USD,Litecoin USD,139.92,+6.2181%
2021-07-28 09:18:04.300522,LTC-USD,Litecoin USD,139.92,+6.2181%
2021-07-28 09:18:08.821985,LTC-USD,Litecoin USD,139.92,+6.2181%
2021-07-28 09:18:12.907319,LTC-USD,Litecoin USD,139.92,+6.2181%
2021-07-28 09:18:17.189460,LTC-USD,Litecoin USD,140.0,+6.3353%
2021-07-28 09:18:21.408771,LTC-USD,Litecoin USD,140.0,+6.3353%
2021-07-28 09:18:25.568959,LTC-USD,Litecoin USD,140.0,+6.3353%
2021-07-28 09:18:29.864877,LTC-USD,Litecoin USD,140.0,+6.3353%
2021-07-28 09:18:34.166834,LTC-USD,Litecoin USD,140.0,+6.3353%
2021-07-28 09:18:38.324161,LTC-USD,Litecoin USD,140.0,+6.3353%
2021-07-28 09:18:42.768753,LTC-USD,Litecoin USD,140.0,+6.3353%
2021-07-28 09:18:47.220047,LTC-USD,Litecoin USD,140.0,+6.3353%
2021-07-28 09:18:51.321373,LTC-USD,Litecoin USD,140.0,+6.3353%
2021-07-28 09:18:55.494736,LTC-USD,Litecoin USD,140.0,+6.3353%
2021-07-28 09:18:59.623399,LTC-USD,Litecoin USD,140.0,+6.3353%
2021-07-28 09:19:03.896397,LTC-USD,Litecoin USD,140.0,+6.3353%
2021-07-28 09:19:08.034777,LTC-USD,Litecoin USD,140.0,+6.3353%
2021-07-28 09:19:12.411078,LTC-USD,Litecoin USD,140.0,+6.3353%
2021-07-28 09:19:16.484935,LTC-USD,Litecoin USD,140.01,+6.3491%
2021-07-28 09:19:20.627120,LTC-USD,Litecoin USD,140.01,+6.3491%
2021-07-28 09:19:24.695963,LTC-USD,Litecoin USD,140.01,+6.3491%
2021-07-28 09:19:28.781102,LTC-USD,Litecoin USD,140.01,+6.3491%
2021-07-28 09:19:35.404697,LTC-USD,Litecoin USD,140.01,+6.3491%
2021-07-28 09:19:39.761820,LTC-USD,Litecoin USD,140.01,+6.3491%
2021-07-28 09:19:44.236098,LTC-USD,Litecoin USD,140.01,+6.3491%
2021-07-28 09:19:48.494654,LTC-USD,Litecoin USD,140.01,+6.3491%
2021-07-28 09:19:53.208685,LTC-USD,Litecoin USD,140.01,+6.3491%
2021-07-28 09:19:59.900567,LTC-USD,Litecoin USD,140.01,+6.3491%
2021-07-28 09:20:06.701378,LTC-USD,Litecoin USD,140.01,+6.3491%
2021-07-28 09:20:11.229758,LTC-USD,Litecoin USD,140.01,+6.3491%
2021-07-28 09:20:16.642426,LTC-USD,Litecoin USD,140.24,+6.5561%
2021-07-28 09:20:21.379342,LTC-USD,Litecoin USD,140.24,+6.5561%
2021-07-28 09:20:25.901560,LTC-USD,Litecoin USD,140.24,+6.5561%
2021-07-28 09:20:31.917855,LTC-USD,Litecoin USD,140.24,+6.5561%
2021-07-28 09:20:36.665312,LTC-USD,Litecoin USD,140.24,+6.5561%
2021-07-28 09:20:41.598143,LTC-USD,Litecoin USD,140.24,+6.5561%
2021-07-28 09:20:46.353705,LTC-USD,Litecoin USD,140.24,+6.5561%
2021-07-28 09:20:50.715349,LTC-USD,Litecoin USD,140.24,+6.5561%
2021-07-28 09:20:55.023392,LTC-USD,Litecoin USD,140.24,+6.5561%
2021-07-28 09:20:59.107428,LTC-USD,Litecoin USD,140.24,+6.5561%
2021-07-28 09:21:04.352462,LTC-USD,Litecoin USD,140.24,+6.5561%
2021-07-28 09:21:08.753142,LTC-USD,Litecoin USD,140.24,+6.5561%
2021-07-28 09:21:14.140909,LTC-USD,Litecoin USD,140.24,+6.5561%
2021-07-28 09:21:18.829497,LTC-USD,Litecoin USD,140.0,+6.2834%
2021-07-28 09:21:23.424537,LTC-USD,Litecoin USD,140.0,+6.2834%
2021-07-28 09:21:28.503545,LTC-USD,Litecoin USD,140.0,+6.2834%
2021-07-28 09:21:33.590128,LTC-USD,Litecoin USD,140.0,+6.2834%
2021-07-28 09:21:39.024870,LTC-USD,Litecoin USD,140.0,+6.2834%
2021-07-28 09:21:45.957188,LTC-USD,Litecoin USD,140.0,+6.2834%
2021-07-28 09:21:50.276996,LTC-USD,Litecoin USD,140.0,+6.2834%
2021-07-28 09:21:54.397471,LTC-USD,Litecoin USD,140.0,+6.2834%
2021-07-28 09:21:58.685772,LTC-USD,Litecoin USD,140.0,+6.2834%
2021-07-28 09:22:03.520249,LTC-USD,Litecoin USD,140.0,+6.2834%
2021-07-28 09:22:07.905605,LTC-USD,Litecoin USD,140.0,+6.2834%
2021-07-28 09:22:12.208741,LTC-USD,Litecoin USD,140.0,+6.2834%
2021-07-28 09:22:16.578669,LTC-USD,Litecoin USD,139.63,+6.0012%
2021-07-28 09:22:21.005828,LTC-USD,Litecoin USD,139.63,+6.0012%
2021-07-28 09:22:25.222905,LTC-USD,Litecoin USD,139.63,+6.0012%
2021-07-28 09:22:29.320252,LTC-USD,Litecoin USD,139.63,+6.0012%
2021-07-28 09:22:33.912970,LTC-USD,Litecoin USD,139.63,+6.0012%
2021-07-28 09:22:38.270943,LTC-USD,Litecoin USD,139.63,+6.0012%
2021-07-28 09:22:42.424211,LTC-USD,Litecoin USD,139.63,+6.0012%
2021-07-28 09:22:46.569791,LTC-USD,Litecoin USD,139.63,+6.0012%
2021-07-28 09:22:50.906927,LTC-USD,Litecoin USD,139.63,+6.0012%
2021-07-28 09:22:55.288154,LTC-USD,Litecoin USD,139.63,+6.0012%
2021-07-28 09:22:59.357261,LTC-USD,Litecoin USD,139.63,+6.0012%
2021-07-28 09:23:04.365555,LTC-USD,Litecoin USD,139.63,+6.0012%
2021-07-28 09:23:08.772564,LTC-USD,Litecoin USD,139.63,+6.0012%
2021-07-28 09:23:13.181555,LTC-USD,Litecoin USD,139.63,+6.0012%
2021-07-28 09:23:17.698864,LTC-USD,Litecoin USD,139.35,+5.7063%
2021-07-28 09:23:22.135798,LTC-USD,Litecoin USD,139.35,+5.7063%
2021-07-28 09:23:26.353112,LTC-USD,Litecoin USD,139.35,+5.7063%
2021-07-28 09:23:30.800372,LTC-USD,Litecoin USD,139.35,+5.7063%
2021-07-28 09:23:34.913946,LTC-USD,Litecoin USD,139.35,+5.7063%
2021-07-28 09:23:39.527271,LTC-USD,Litecoin USD,139.35,+5.7063%
2021-07-28 09:23:43.836620,LTC-USD,Litecoin USD,139.35,+5.7063%
2021-07-28 09:23:48.468229,LTC-USD,Litecoin USD,139.35,+5.7063%
2021-07-28 09:23:52.731546,LTC-USD,Litecoin USD,139.35,+5.7063%
2021-07-28 09:23:57.744462,LTC-USD,Litecoin USD,139.35,+5.7063%
2021-07-28 09:24:04.782128,LTC-USD,Litecoin USD,139.35,+5.7063%
2021-07-28 09:24:09.878990,LTC-USD,Litecoin USD,139.35,+5.7063%
2021-07-28 09:24:14.522133,LTC-USD,Litecoin USD,139.32,+5.6637%
2021-07-28 09:24:19.400132,LTC-USD,Litecoin USD,139.32,+5.6637%
2021-07-28 09:24:24.041270,LTC-USD,Litecoin USD,139.32,+5.6637%
2021-07-28 09:24:28.657430,LTC-USD,Litecoin USD,139.32,+5.6637%
2021-07-28 09:24:33.531441,LTC-USD,Litecoin USD,139.32,+5.6637%
2021-07-28 09:24:38.447406,LTC-USD,Litecoin USD,139.32,+5.6637%
2021-07-28 09:24:42.928644,LTC-USD,Litecoin USD,139.32,+5.6637%
2021-07-28 09:24:47.116165,LTC-USD,Litecoin USD,139.32,+5.6637%
2021-07-28 09:24:51.569626,LTC-USD,Litecoin USD,139.32,+5.6637%
2021-07-28 09:24:55.948314,LTC-USD,Litecoin USD,139.32,+5.6637%
2021-07-28 09:25:00.040668,LTC-USD,Litecoin USD,139.32,+5.6637%
2021-07-28 09:25:04.519915,LTC-USD,Litecoin USD,139.32,+5.6637%
2021-07-28 09:25:09.342945,LTC-USD,Litecoin USD,139.32,+5.6637%
2021-07-28 09:25:13.928493,LTC-USD,Litecoin USD,139.51,+5.7576%
2021-07-28 09:25:19.140942,LTC-USD,Litecoin USD,139.51,+5.7576%
2021-07-28 09:25:24.292332,LTC-USD,Litecoin USD,139.51,+5.7576%
2021-07-28 09:25:29.010293,LTC-USD,Litecoin USD,139.51,+5.7576%
2021-07-28 09:25:33.559296,LTC-USD,Litecoin USD,139.51,+5.7576%
2021-07-28 09:25:37.819504,LTC-USD,Litecoin USD,139.51,+5.7576%
2021-07-28 09:25:42.546116,LTC-USD,Litecoin USD,139.51,+5.7576%
2021-07-28 09:25:46.963541,LTC-USD,Litecoin USD,139.51,+5.7576%
2021-07-28 09:25:52.028629,LTC-USD,Litecoin USD,139.51,+5.7576%
2021-07-28 09:25:57.495705,LTC-USD,Litecoin USD,139.51,+5.7576%
2021-07-28 09:26:02.958351,LTC-USD,Litecoin USD,139.51,+5.7576%
2021-07-28 09:26:08.311047,LTC-USD,Litecoin USD,139.51,+5.7576%
2021-07-28 09:26:13.232040,LTC-USD,Litecoin USD,139.51,+5.7576%
2021-07-28 09:26:18.172996,LTC-USD,Litecoin USD,139.43,+5.4825%
2021-07-28 09:26:23.274930,LTC-USD,Litecoin USD,139.43,+5.4825%
2021-07-28 09:26:28.539216,LTC-USD,Litecoin USD,139.43,+5.4825%
2021-07-28 09:26:33.562166,LTC-USD,Litecoin USD,139.43,+5.4825%
2021-07-28 09:26:37.854839,LTC-USD,Litecoin USD,139.43,+5.4825%
2021-07-28 09:26:42.825779,LTC-USD,Litecoin USD,139.43,+5.4825%
2021-07-28 09:26:47.844689,LTC-USD,Litecoin USD,139.43,+5.4825%
2021-07-28 09:26:52.252537,LTC-USD,Litecoin USD,139.43,+5.4825%
2021-07-28 09:26:56.545350,LTC-USD,Litecoin USD,139.43,+5.4825%
2021-07-28 09:27:01.783853,LTC-USD,Litecoin USD,139.43,+5.4825%
2021-07-28 09:27:06.395025,LTC-USD,Litecoin USD,139.43,+5.4825%
2021-07-28 09:27:11.154266,LTC-USD,Litecoin USD,139.43,+5.4825%
2021-07-28 09:27:15.441940,LTC-USD,Litecoin USD,139.29,+5.3207%
2021-07-28 09:27:19.670184,LTC-USD,Litecoin USD,139.29,+5.3207%
2021-07-28 09:27:23.876769,LTC-USD,Litecoin USD,139.29,+5.3207%
2021-07-28 09:27:28.104296,LTC-USD,Litecoin USD,139.29,+5.3207%
2021-07-28 09:27:32.395391,LTC-USD,Litecoin USD,139.29,+5.3207%
2021-07-28 09:27:36.974595,LTC-USD,Litecoin USD,139.29,+5.3207%
2021-07-28 09:27:41.296222,LTC-USD,Litecoin USD,139.29,+5.3207%
2021-07-28 09:27:45.483175,LTC-USD,Litecoin USD,139.29,+5.3207%
2021-07-28 09:27:49.688869,LTC-USD,Litecoin USD,139.29,+5.3207%
2021-07-28 09:27:53.903390,LTC-USD,Litecoin USD,139.29,+5.3207%
2021-07-28 09:27:58.210451,LTC-USD,Litecoin USD,139.29,+5.3207%
2021-07-28 09:28:02.469129,LTC-USD,Litecoin USD,139.29,+5.3207%
2021-07-28 09:28:06.507280,LTC-USD,Litecoin USD,139.29,+5.3207%
2021-07-28 09:28:10.782801,LTC-USD,Litecoin USD,139.29,+5.3207%
2021-07-28 09:28:14.990670,LTC-USD,Litecoin USD,139.18,+5.4131%
2021-07-28 09:28:19.241504,LTC-USD,Litecoin USD,139.18,+5.4131%
2021-07-28 09:28:23.651031,LTC-USD,Litecoin USD,139.18,+5.4131%
2021-07-28 09:28:27.714469,LTC-USD,Litecoin USD,139.18,+5.4131%
2021-07-28 09:28:31.985376,LTC-USD,Litecoin USD,139.18,+5.4131%
2021-07-28 09:28:36.130363,LTC-USD,Litecoin USD,139.18,+5.4131%
2021-07-28 09:28:40.300491,LTC-USD,Litecoin USD,139.18,+5.4131%
2021-07-28 09:28:44.429470,LTC-USD,Litecoin USD,139.18,+5.4131%
2021-07-28 09:28:48.712865,LTC-USD,Litecoin USD,139.18,+5.4131%
2021-07-28 09:28:52.928048,LTC-USD,Litecoin USD,139.18,+5.4131%
2021-07-28 09:28:57.149170,LTC-USD,Litecoin USD,139.18,+5.4131%
2021-07-28 09:29:01.470516,LTC-USD,Litecoin USD,139.18,+5.4131%
2021-07-28 09:29:06.009320,LTC-USD,Litecoin USD,139.18,+5.4131%
2021-07-28 09:29:10.125452,LTC-USD,Litecoin USD,139.18,+5.4131%
2021-07-28 09:29:14.657727,LTC-USD,Litecoin USD,138.92,+5.1797%
2021-07-28 09:29:18.882833,LTC-USD,Litecoin USD,138.92,+5.1797%
2021-07-28 09:29:23.257878,LTC-USD,Litecoin USD,138.92,+5.1797%
2021-07-28 09:29:27.517192,LTC-USD,Litecoin USD,138.92,+5.1797%
2021-07-28 09:29:31.587454,LTC-USD,Litecoin USD,138.92,+5.1797%
2021-07-28 09:29:35.690478,LTC-USD,Litecoin USD,138.92,+5.1797%
2021-07-28 09:29:39.681842,LTC-USD,Litecoin USD,138.92,+5.1797%
2021-07-28 09:29:44.022688,LTC-USD,Litecoin USD,138.92,+5.1797%
2021-07-28 09:29:48.211125,LTC-USD,Litecoin USD,138.92,+5.1797%
2021-07-28 09:29:52.495516,LTC-USD,Litecoin USD,138.92,+5.1797%
2021-07-28 09:29:56.713655,LTC-USD,Litecoin USD,138.92,+5.1797%
2021-07-28 09:30:00.982558,LTC-USD,Litecoin USD,138.92,+5.1797%
2021-07-28 09:30:05.826576,LTC-USD,Litecoin USD,138.92,+5.1797%
2021-07-28 09:30:09.917710,LTC-USD,Litecoin USD,138.92,+5.1797%
2021-07-28 09:30:14.397133,LTC-USD,Litecoin USD,139.06,+5.2261%
2021-07-28 09:30:18.566592,LTC-USD,Litecoin USD,139.06,+5.2261%
2021-07-28 09:30:22.688423,LTC-USD,Litecoin USD,139.06,+5.2261%
2021-07-28 09:30:26.868557,LTC-USD,Litecoin USD,139.06,+5.2261%
2021-07-28 09:30:30.892831,LTC-USD,Litecoin USD,139.06,+5.2261%
2021-07-28 09:30:35.051587,LTC-USD,Litecoin USD,139.06,+5.2261%
2021-07-28 09:30:39.167737,LTC-USD,Litecoin USD,139.06,+5.2261%
2021-07-28 09:30:43.496451,LTC-USD,Litecoin USD,139.06,+5.2261%
2021-07-28 09:30:47.697098,LTC-USD,Litecoin USD,139.06,+5.2261%
2021-07-28 09:30:51.985982,LTC-USD,Litecoin USD,139.06,+5.2261%
2021-07-28 09:30:56.325112,LTC-USD,Litecoin USD,139.06,+5.2261%
2021-07-28 09:31:00.504773,LTC-USD,Litecoin USD,139.06,+5.2261%
2021-07-28 09:31:04.676341,LTC-USD,Litecoin USD,139.06,+5.2261%
2021-07-28 09:31:09.129606,LTC-USD,Litecoin USD,139.06,+5.2261%
2021-07-28 09:31:13.435189,LTC-USD,Litecoin USD,139.06,+5.2261%
2021-07-28 09:31:17.618074,LTC-USD,Litecoin USD,139.24,+5.4386%
2021-07-28 09:31:21.742802,LTC-USD,Litecoin USD,139.24,+5.4386%
2021-07-28 09:31:25.812816,LTC-USD,Litecoin USD,139.24,+5.4386%
2021-07-28 09:31:29.987904,LTC-USD,Litecoin USD,139.24,+5.4386%
2021-07-28 09:31:34.294375,LTC-USD,Litecoin USD,139.24,+5.4386%
2021-07-28 09:31:38.585045,LTC-USD,Litecoin USD,139.24,+5.4386%
2021-07-28 09:31:42.634144,LTC-USD,Litecoin USD,139.24,+5.4386%
2021-07-28 09:31:46.668976,LTC-USD,Litecoin USD,139.24,+5.4386%
2021-07-28 09:31:50.798629,LTC-USD,Litecoin USD,139.24,+5.4386%
2021-07-28 09:31:54.902539,LTC-USD,Litecoin USD,139.24,+5.4386%
2021-07-28 09:31:59.285640,LTC-USD,Litecoin USD,139.24,+5.4386%
2021-07-28 09:32:03.599050,LTC-USD,Litecoin USD,139.24,+5.4386%
2021-07-28 09:32:07.787707,LTC-USD,Litecoin USD,139.24,+5.4386%
2021-07-28 09:32:11.885321,LTC-USD,Litecoin USD,139.24,+5.4386%
2021-07-28 09:32:15.902207,LTC-USD,Litecoin USD,139.24,+5.4386%
2021-07-28 09:32:20.054419,LTC-USD,Litecoin USD,139.24,+5.4386%
2021-07-28 09:32:24.420762,LTC-USD,Litecoin USD,139.24,+5.4386%
2021-07-28 09:32:28.983501,LTC-USD,Litecoin USD,139.24,+5.4386%
2021-07-28 09:32:33.650287,LTC-USD,Litecoin USD,139.24,+5.4386%
2021-07-28 09:32:38.148275,LTC-USD,Litecoin USD,139.24,+5.4386%
2021-07-28 09:32:42.757631,LTC-USD,Litecoin USD,139.24,+5.4386%
2021-07-28 09:32:46.977397,LTC-USD,Litecoin USD,139.24,+5.4386%
2021-07-28 09:32:51.103609,LTC-USD,Litecoin USD,139.24,+5.4386%
2021-07-28 09:32:55.081458,LTC-USD,Litecoin USD,139.24,+5.4386%
2021-07-28 09:32:59.442064,LTC-USD,Litecoin USD,139.24,+5.4386%
2021-07-28 09:33:03.584766,LTC-USD,Litecoin USD,139.24,+5.4386%
2021-07-28 09:33:07.769387,LTC-USD,Litecoin USD,139.24,+5.4386%
2021-07-28 09:33:11.865057,LTC-USD,Litecoin USD,139.24,+5.4386%
2021-07-28 09:33:15.821576,LTC-USD,Litecoin USD,139.24,+5.4386%
2021-07-28 09:33:19.939806,LTC-USD,Litecoin USD,139.24,+5.4386%
2021-07-28 09:33:24.418460,LTC-USD,Litecoin USD,139.24,+5.4386%
2021-07-28 09:33:28.645628,LTC-USD,Litecoin USD,139.24,+5.4386%
2021-07-28 09:33:32.935856,LTC-USD,Litecoin USD,139.24,+5.4386%
2021-07-28 09:33:37.076174,LTC-USD,Litecoin USD,139.24,+5.4386%
2021-07-28 09:33:41.623374,LTC-USD,Litecoin USD,139.24,+5.4386%
2021-07-28 09:33:46.175572,LTC-USD,Litecoin USD,139.18,+5.172%
2021-07-28 09:33:50.756750,LTC-USD,Litecoin USD,139.18,+5.172%
2021-07-28 09:33:55.388903,LTC-USD,Litecoin USD,139.18,+5.172%
2021-07-28 09:34:00.173956,LTC-USD,Litecoin USD,139.18,+5.172%
2021-07-28 09:34:04.757131,LTC-USD,Litecoin USD,139.18,+5.172%
2021-07-28 09:34:09.266356,LTC-USD,Litecoin USD,139.18,+5.172%
2021-07-28 09:34:13.699627,LTC-USD,Litecoin USD,139.18,+5.172%
2021-07-28 09:34:18.196860,LTC-USD,Litecoin USD,139.18,+5.172%
2021-07-28 09:34:22.443245,LTC-USD,Litecoin USD,139.18,+5.172%
2021-07-28 09:34:26.847258,LTC-USD,Litecoin USD,139.18,+5.172%
2021-07-28 09:34:31.253544,LTC-USD,Litecoin USD,139.18,+5.172%
2021-07-28 09:34:35.477687,LTC-USD,Litecoin USD,139.18,+5.172%
2021-07-28 09:34:39.773496,LTC-USD,Litecoin USD,139.18,+5.172%
2021-07-28 09:34:44.071005,LTC-USD,Litecoin USD,139.18,+5.172%
2021-07-28 09:34:48.191520,LTC-USD,Litecoin USD,139.18,+5.172%
2021-07-28 09:34:52.194216,LTC-USD,Litecoin USD,139.18,+5.172%
2021-07-28 09:34:56.399292,LTC-USD,Litecoin USD,139.18,+5.172%
2021-07-28 09:35:00.791359,LTC-USD,Litecoin USD,139.18,+5.172%
2021-07-28 09:35:04.984382,LTC-USD,Litecoin USD,139.18,+5.172%
2021-07-28 09:35:09.294514,LTC-USD,Litecoin USD,139.18,+5.172%
2021-07-28 09:35:13.599861,LTC-USD,Litecoin USD,139.09,+5.0389%
2021-07-28 09:35:18.115530,LTC-USD,Litecoin USD,139.09,+5.0389%
2021-07-28 09:35:22.135368,LTC-USD,Litecoin USD,139.09,+5.0389%
2021-07-28 09:35:26.287538,LTC-USD,Litecoin USD,139.09,+5.0389%
2021-07-28 09:35:30.511160,LTC-USD,Litecoin USD,139.09,+5.0389%
2021-07-28 09:35:34.686639,LTC-USD,Litecoin USD,139.09,+5.0389%
2021-07-28 09:35:38.912445,LTC-USD,Litecoin USD,139.09,+5.0389%
2021-07-28 09:35:43.048445,LTC-USD,Litecoin USD,139.09,+5.0389%
2021-07-28 09:35:47.513264,LTC-USD,Litecoin USD,139.09,+5.0389%
2021-07-28 09:35:51.672680,LTC-USD,Litecoin USD,139.09,+5.0389%
2021-07-28 09:35:55.945035,LTC-USD,Litecoin USD,139.09,+5.0389%
2021-07-28 09:36:00.206109,LTC-USD,Litecoin USD,139.09,+5.0389%
2021-07-28 09:36:04.526340,LTC-USD,Litecoin USD,139.09,+5.0389%
2021-07-28 09:36:08.702315,LTC-USD,Litecoin USD,139.09,+5.0389%
2021-07-28 09:36:12.867722,LTC-USD,Litecoin USD,139.09,+5.0389%
2021-07-28 09:36:17.311155,LTC-USD,Litecoin USD,139.06,+4.923%
2021-07-28 09:36:21.462421,LTC-USD,Litecoin USD,139.06,+4.923%
2021-07-28 09:36:25.674770,LTC-USD,Litecoin USD,139.06,+4.923%
2021-07-28 09:36:29.894761,LTC-USD,Litecoin USD,139.06,+4.923%
2021-07-28 09:36:34.136816,LTC-USD,Litecoin USD,139.06,+4.923%
2021-07-28 09:36:38.310742,LTC-USD,Litecoin USD,139.06,+4.923%
2021-07-28 09:36:42.419337,LTC-USD,Litecoin USD,139.06,+4.923%
2021-07-28 09:36:46.514859,LTC-USD,Litecoin USD,139.06,+4.923%
2021-07-28 09:36:50.741122,LTC-USD,Litecoin USD,139.06,+4.923%
2021-07-28 09:36:54.812585,LTC-USD,Litecoin USD,139.06,+4.923%
2021-07-28 09:36:59.196469,LTC-USD,Litecoin USD,139.06,+4.923%
2021-07-28 09:37:03.566659,LTC-USD,Litecoin USD,139.06,+4.923%
2021-07-28 09:37:07.738028,LTC-USD,Litecoin USD,139.06,+4.923%
2021-07-28 09:37:12.034099,LTC-USD,Litecoin USD,139.06,+4.923%
2021-07-28 09:37:16.413293,LTC-USD,Litecoin USD,139.06,+4.923%
2021-07-28 09:37:20.807398,LTC-USD,Litecoin USD,139.06,+4.923%
2021-07-28 09:37:25.018739,LTC-USD,Litecoin USD,139.06,+4.923%
2021-07-28 09:37:29.606070,LTC-USD,Litecoin USD,139.06,+4.923%
2021-07-28 09:37:34.276074,LTC-USD,Litecoin USD,139.06,+4.923%
2021-07-28 09:37:38.697804,LTC-USD,Litecoin USD,139.06,+4.923%
2021-07-28 09:37:43.193748,LTC-USD,Litecoin USD,139.06,+4.923%
2021-07-28 09:37:47.349554,LTC-USD,Litecoin USD,139.06,+4.923%
2021-07-28 09:37:51.710399,LTC-USD,Litecoin USD,139.06,+4.923%
2021-07-28 09:37:55.986227,LTC-USD,Litecoin USD,139.06,+4.923%
2021-07-28 09:38:00.696033,LTC-USD,Litecoin USD,139.06,+4.923%
2021-07-28 09:38:05.042328,LTC-USD,Litecoin USD,139.06,+4.923%
2021-07-28 09:38:09.315688,LTC-USD,Litecoin USD,139.06,+4.923%
2021-07-28 09:38:13.614145,LTC-USD,Litecoin USD,139.06,+4.8393%
2021-07-28 09:38:18.039290,LTC-USD,Litecoin USD,139.12,+4.8393%
2021-07-28 09:38:28.509364,LTC-USD,Litecoin USD,139.12,+4.8393%
2021-07-28 09:38:32.828022,LTC-USD,Litecoin USD,139.12,+4.8393%
2021-07-28 09:38:37.157885,LTC-USD,Litecoin USD,139.12,+4.8393%
2021-07-28 09:38:42.453794,LTC-USD,Litecoin USD,139.12,+4.8393%
2021-07-28 09:38:46.827920,LTC-USD,Litecoin USD,139.12,+4.8393%
2021-07-28 09:38:51.024966,LTC-USD,Litecoin USD,139.12,+4.8393%
2021-07-28 09:38:55.396720,LTC-USD,Litecoin USD,139.12,+4.8393%
2021-07-28 09:39:00.133327,LTC-USD,Litecoin USD,139.12,+4.8393%
2021-07-28 09:39:04.766473,LTC-USD,Litecoin USD,139.12,+4.8393%
2021-07-28 09:39:09.183713,LTC-USD,Litecoin USD,139.12,+4.8393%
2021-07-28 09:39:13.897688,LTC-USD,Litecoin USD,138.74,+4.4051%
2021-07-28 09:39:18.648881,LTC-USD,Litecoin USD,138.74,+4.4051%
2021-07-28 09:39:22.755079,LTC-USD,Litecoin USD,138.74,+4.4051%
2021-07-28 09:39:27.043526,LTC-USD,Litecoin USD,138.74,+4.4051%
2021-07-28 09:39:31.389128,LTC-USD,Litecoin USD,138.74,+4.4051%
2021-07-28 09:39:35.641381,LTC-USD,Litecoin USD,138.74,+4.4051%
2021-07-28 09:39:40.003145,LTC-USD,Litecoin USD,138.74,+4.4051%
2021-07-28 09:39:44.405612,LTC-USD,Litecoin USD,138.74,+4.4051%
2021-07-28 09:39:48.631944,LTC-USD,Litecoin USD,138.74,+4.4051%
2021-07-28 09:39:52.943100,LTC-USD,Litecoin USD,138.74,+4.4051%
2021-07-28 09:39:57.168035,LTC-USD,Litecoin USD,138.74,+4.4051%
2021-07-28 09:40:01.442439,LTC-USD,Litecoin USD,138.74,+4.4051%
2021-07-28 09:40:05.701813,LTC-USD,Litecoin USD,138.74,+4.4051%
2021-07-28 09:40:10.175033,LTC-USD,Litecoin USD,138.74,+4.4051%
2021-07-28 09:40:14.603880,LTC-USD,Litecoin USD,138.74,+4.4051%
2021-07-28 09:40:19.020126,LTC-USD,Litecoin USD,138.87,+4.5264%
2021-07-28 09:40:23.362703,LTC-USD,Litecoin USD,138.87,+4.5264%
2021-07-28 09:40:27.634275,LTC-USD,Litecoin USD,138.87,+4.5264%
2021-07-28 09:40:32.070701,LTC-USD,Litecoin USD,138.87,+4.5264%
2021-07-28 09:40:36.613901,LTC-USD,Litecoin USD,138.87,+4.5264%
2021-07-28 09:40:41.201593,LTC-USD,Litecoin USD,138.87,+4.5264%
2021-07-28 09:40:45.621870,LTC-USD,Litecoin USD,138.87,+4.5264%
2021-07-28 09:40:50.216274,LTC-USD,Litecoin USD,138.87,+4.5264%
2021-07-28 09:40:55.095271,LTC-USD,Litecoin USD,138.87,+4.5264%
2021-07-28 09:41:00.036230,LTC-USD,Litecoin USD,138.87,+4.5264%
2021-07-28 09:41:05.433905,LTC-USD,Litecoin USD,138.87,+4.5264%
2021-07-28 09:41:10.788609,LTC-USD,Litecoin USD,138.87,+4.5264%
2021-07-28 09:41:16.599031,LTC-USD,Litecoin USD,138.75,+4.2738%
2021-07-28 09:41:22.570063,LTC-USD,Litecoin USD,138.75,+4.2738%
2021-07-28 09:41:27.486580,LTC-USD,Litecoin USD,138.75,+4.2738%
2021-07-28 09:41:32.733145,LTC-USD,Litecoin USD,138.75,+4.2738%
2021-07-28 09:41:37.685502,LTC-USD,Litecoin USD,138.75,+4.2738%
2021-07-28 09:41:42.227102,LTC-USD,Litecoin USD,138.75,+4.2738%
2021-07-28 09:41:47.029145,LTC-USD,Litecoin USD,138.75,+4.2738%
2021-07-28 09:41:51.838970,LTC-USD,Litecoin USD,138.75,+4.2738%
2021-07-28 09:41:56.739471,LTC-USD,Litecoin USD,138.75,+4.2738%
2021-07-28 09:42:01.472408,LTC-USD,Litecoin USD,138.75,+4.2738%
2021-07-28 09:42:06.888606,LTC-USD,Litecoin USD,138.75,+4.2738%
2021-07-28 09:42:11.876535,LTC-USD,Litecoin USD,138.75,+4.2738%
2021-07-28 09:42:16.630608,LTC-USD,Litecoin USD,138.58,+4.2231%
2021-07-28 09:42:21.699489,LTC-USD,Litecoin USD,138.58,+4.2231%
2021-07-28 09:42:26.560499,LTC-USD,Litecoin USD,138.58,+4.2231%
2021-07-28 09:42:32.338939,LTC-USD,Litecoin USD,138.58,+4.2231%
2021-07-28 09:42:36.997081,LTC-USD,Litecoin USD,138.58,+4.2231%
2021-07-28 09:42:41.701174,LTC-USD,Litecoin USD,138.58,+4.2231%
2021-07-28 09:42:46.200403,LTC-USD,Litecoin USD,138.58,+4.2231%
2021-07-28 09:42:50.728615,LTC-USD,Litecoin USD,138.58,+4.2231%
2021-07-28 09:42:55.597619,LTC-USD,Litecoin USD,138.58,+4.2231%
2021-07-28 09:43:00.271739,LTC-USD,Litecoin USD,138.58,+4.2231%
2021-07-28 09:43:05.125609,LTC-USD,Litecoin USD,138.58,+4.2231%
2021-07-28 09:43:09.951640,LTC-USD,Litecoin USD,138.58,+4.2231%
2021-07-28 09:43:15.075491,LTC-USD,Litecoin USD,138.27,+3.9448%
2021-07-28 09:43:19.706635,LTC-USD,Litecoin USD,138.27,+3.9448%
2021-07-28 09:43:24.586627,LTC-USD,Litecoin USD,138.27,+3.9448%
2021-07-28 09:43:29.856383,LTC-USD,Litecoin USD,138.27,+3.9448%
2021-07-28 09:43:34.402586,LTC-USD,Litecoin USD,138.27,+3.9448%
2021-07-28 09:43:39.887495,LTC-USD,Litecoin USD,138.27,+3.9448%
2021-07-28 09:43:44.709941,LTC-USD,Litecoin USD,138.27,+3.9448%
2021-07-28 09:43:49.288123,LTC-USD,Litecoin USD,138.27,+3.9448%
2021-07-28 09:43:53.995224,LTC-USD,Litecoin USD,138.27,+3.9448%
2021-07-28 09:43:58.585399,LTC-USD,Litecoin USD,138.27,+3.9448%
2021-07-28 09:44:04.250425,LTC-USD,Litecoin USD,138.27,+3.9448%
2021-07-28 09:44:09.097488,LTC-USD,Litecoin USD,138.27,+3.9448%
2021-07-28 09:44:13.678093,LTC-USD,Litecoin USD,137.64,+3.3669%
2021-07-28 09:44:18.378305,LTC-USD,Litecoin USD,137.64,+3.3669%
2021-07-28 09:44:22.803581,LTC-USD,Litecoin USD,137.64,+3.3669%
2021-07-28 09:44:27.232854,LTC-USD,Litecoin USD,137.64,+3.3669%
2021-07-28 09:44:31.662127,LTC-USD,Litecoin USD,137.64,+3.3669%
2021-07-28 09:44:36.156360,LTC-USD,Litecoin USD,137.64,+3.3669%
2021-07-28 09:44:40.656590,LTC-USD,Litecoin USD,137.64,+3.3669%
2021-07-28 09:44:45.446643,LTC-USD,Litecoin USD,137.64,+3.3669%
2021-07-28 09:44:49.999837,LTC-USD,Litecoin USD,137.64,+3.3669%
2021-07-28 09:44:54.593782,LTC-USD,Litecoin USD,137.64,+3.3669%
2021-07-28 09:44:59.127857,LTC-USD,Litecoin USD,137.64,+3.3669%
2021-07-28 09:45:03.674824,LTC-USD,Litecoin USD,137.64,+3.3669%
2021-07-28 09:45:08.136449,LTC-USD,Litecoin USD,137.64,+3.3669%
2021-07-28 09:45:12.567721,LTC-USD,Litecoin USD,137.64,+3.3669%
2021-07-28 09:45:17.300809,LTC-USD,Litecoin USD,137.54,+3.2041%
2021-07-28 09:45:21.769056,LTC-USD,Litecoin USD,137.54,+3.2041%
2021-07-28 09:45:26.179340,LTC-USD,Litecoin USD,137.54,+3.2041%
2021-07-28 09:45:30.711551,LTC-USD,Litecoin USD,137.54,+3.2041%
2021-07-28 09:45:35.588549,LTC-USD,Litecoin USD,137.54,+3.2041%
2021-07-28 09:45:40.225694,LTC-USD,Litecoin USD,137.54,+3.2041%
2021-07-28 09:45:45.763284,LTC-USD,Litecoin USD,137.54,+3.2041%
2021-07-28 09:45:50.429413,LTC-USD,Litecoin USD,137.54,+3.2041%
2021-07-28 09:45:55.251445,LTC-USD,Litecoin USD,137.54,+3.2041%
2021-07-28 09:46:00.238075,LTC-USD,Litecoin USD,137.54,+3.2041%
2021-07-28 09:46:04.851268,LTC-USD,Litecoin USD,137.54,+3.2041%
2021-07-28 09:46:10.637790,LTC-USD,Litecoin USD,137.54,+3.2041%
2021-07-28 09:46:15.702673,LTC-USD,Litecoin USD,137.61,+3.3396%
2021-07-28 09:46:20.294845,LTC-USD,Litecoin USD,137.61,+3.3396%
2021-07-28 09:46:24.838050,LTC-USD,Litecoin USD,137.61,+3.3396%
2021-07-28 09:46:29.531160,LTC-USD,Litecoin USD,137.61,+3.3396%
2021-07-28 09:46:34.123331,LTC-USD,Litecoin USD,137.61,+3.3396%
2021-07-28 09:46:38.612568,LTC-USD,Litecoin USD,137.61,+3.3396%
2021-07-28 09:46:43.103805,LTC-USD,Litecoin USD,137.61,+3.3396%
2021-07-28 09:46:47.569057,LTC-USD,Litecoin USD,137.61,+3.3396%
2021-07-28 09:46:52.466041,LTC-USD,Litecoin USD,137.61,+3.3396%
2021-07-28 09:46:57.697819,LTC-USD,Litecoin USD,137.61,+3.3396%
2021-07-28 09:47:02.149077,LTC-USD,Litecoin USD,137.61,+3.3396%
2021-07-28 09:47:06.641312,LTC-USD,Litecoin USD,137.61,+3.3396%
2021-07-28 09:47:11.316435,LTC-USD,Litecoin USD,137.61,+3.3396%
2021-07-28 09:47:15.925597,LTC-USD,Litecoin USD,137.52,+3.4638%
2021-07-28 09:47:20.520769,LTC-USD,Litecoin USD,137.52,+3.4638%
2021-07-28 09:47:25.049983,LTC-USD,Litecoin USD,137.52,+3.4638%
2021-07-28 09:47:31.076269,LTC-USD,Litecoin USD,137.52,+3.4638%
2021-07-28 09:47:35.784371,LTC-USD,Litecoin USD,137.52,+3.4638%
2021-07-28 09:47:40.308586,LTC-USD,Litecoin USD,137.52,+3.4638%
2021-07-28 09:47:45.042673,LTC-USD,Litecoin USD,137.52,+3.4638%
2021-07-28 09:47:49.754773,LTC-USD,Litecoin USD,137.52,+3.4638%
2021-07-28 09:47:55.792053,LTC-USD,Litecoin USD,137.52,+3.4638%
2021-07-28 09:48:00.429219,LTC-USD,Litecoin USD,137.52,+3.4638%
2021-07-28 09:48:05.089328,LTC-USD,Litecoin USD,137.52,+3.4638%
2021-07-28 09:48:09.867389,LTC-USD,Litecoin USD,137.52,+3.4638%
2021-07-28 09:48:15.218096,LTC-USD,Litecoin USD,137.52,+3.4638%
2021-07-28 09:48:19.729319,LTC-USD,Litecoin USD,137.52,+3.4638%
2021-07-28 09:48:24.430422,LTC-USD,Litecoin USD,137.52,+3.4638%
2021-07-28 09:48:28.917659,LTC-USD,Litecoin USD,137.52,+3.4638%
2021-07-28 09:48:33.562801,LTC-USD,Litecoin USD,137.52,+3.4638%
2021-07-28 09:48:38.219932,LTC-USD,Litecoin USD,137.52,+3.4638%
2021-07-28 09:48:43.103927,LTC-USD,Litecoin USD,137.52,+3.4638%
2021-07-28 09:48:47.719442,LTC-USD,Litecoin USD,137.52,+3.4638%
2021-07-28 09:48:52.801314,LTC-USD,Litecoin USD,137.52,+3.4638%
2021-07-28 09:48:57.333523,LTC-USD,Litecoin USD,137.52,+3.4638%
2021-07-28 09:49:01.894714,LTC-USD,Litecoin USD,137.52,+3.4638%
2021-07-28 09:49:06.553846,LTC-USD,Litecoin USD,137.52,+3.4638%
2021-07-28 09:49:13.287701,LTC-USD,Litecoin USD,137.52,+3.4638%
2021-07-28 09:49:18.161701,LTC-USD,Litecoin USD,137.52,+3.4638%
2021-07-28 09:49:22.558992,LTC-USD,Litecoin USD,137.52,+3.4638%
2021-07-28 09:49:27.152166,LTC-USD,Litecoin USD,137.52,+3.4638%
2021-07-28 09:49:31.784313,LTC-USD,Litecoin USD,137.52,+3.4638%
2021-07-28 09:49:36.628331,LTC-USD,Litecoin USD,137.52,+3.4638%
2021-07-28 09:49:42.259878,LTC-USD,Litecoin USD,137.52,+3.4638%
2021-07-28 09:49:47.303376,LTC-USD,Litecoin USD,137.52,+3.4638%
2021-07-28 09:49:52.074113,LTC-USD,Litecoin USD,137.52,+3.4638%
2021-07-28 09:49:56.638051,LTC-USD,Litecoin USD,137.52,+3.4638%
2021-07-28 09:50:01.576012,LTC-USD,Litecoin USD,137.52,+3.4638%
2021-07-28 09:50:06.226148,LTC-USD,Litecoin USD,137.52,+3.4638%
2021-07-28 09:50:11.265050,LTC-USD,Litecoin USD,137.52,+3.4638%
2021-07-28 09:50:15.963156,LTC-USD,Litecoin USD,137.34,+2.8492%
2021-07-28 09:50:21.432787,LTC-USD,Litecoin USD,137.34,+2.8492%
2021-07-28 09:50:26.825467,LTC-USD,Litecoin USD,137.34,+2.8492%
2021-07-28 09:50:32.350070,LTC-USD,Litecoin USD,137.34,+2.8492%
2021-07-28 09:50:37.245052,LTC-USD,Litecoin USD,137.34,+2.8492%
2021-07-28 09:50:41.839223,LTC-USD,Litecoin USD,137.34,+2.8492%
2021-07-28 09:50:46.735216,LTC-USD,Litecoin USD,137.34,+2.8492%
2021-07-28 09:50:51.585224,LTC-USD,Litecoin USD,137.34,+2.8492%
2021-07-28 09:50:56.160407,LTC-USD,Litecoin USD,137.34,+2.8492%
2021-07-28 09:51:00.682623,LTC-USD,Litecoin USD,137.34,+2.8492%
2021-07-28 09:51:05.223827,LTC-USD,Litecoin USD,137.34,+2.8492%
2021-07-28 09:51:09.838989,LTC-USD,Litecoin USD,137.34,+2.8492%
2021-07-28 09:51:15.165706,LTC-USD,Litecoin USD,137.36,+2.7879%
2021-07-28 09:51:19.848824,LTC-USD,Litecoin USD,137.36,+2.7879%
2021-07-28 09:51:24.257118,LTC-USD,Litecoin USD,137.36,+2.7879%
2021-07-28 09:51:28.773330,LTC-USD,Litecoin USD,137.36,+2.7879%
2021-07-28 09:51:33.182613,LTC-USD,Litecoin USD,137.36,+2.7879%
2021-07-28 09:51:37.570912,LTC-USD,Litecoin USD,137.36,+2.7879%
2021-07-28 09:51:42.142100,LTC-USD,Litecoin USD,137.36,+2.7879%
2021-07-28 09:51:46.923154,LTC-USD,Litecoin USD,137.36,+2.7879%
2021-07-28 09:51:51.586861,LTC-USD,Litecoin USD,137.36,+2.7879%
2021-07-28 09:51:56.131401,LTC-USD,Litecoin USD,137.36,+2.7879%
2021-07-28 09:52:00.776343,LTC-USD,Litecoin USD,137.36,+2.7879%
2021-07-28 09:52:05.248590,LTC-USD,Litecoin USD,137.36,+2.7879%
2021-07-28 09:52:09.843762,LTC-USD,Litecoin USD,137.36,+2.7879%
2021-07-28 09:52:14.638809,LTC-USD,Litecoin USD,137.35,+2.8403%
2021-07-28 09:52:19.600754,LTC-USD,Litecoin USD,137.35,+2.8403%
2021-07-28 09:52:24.251892,LTC-USD,Litecoin USD,137.35,+2.8403%
2021-07-28 09:52:29.876428,LTC-USD,Litecoin USD,137.35,+2.8403%
2021-07-28 09:52:34.365664,LTC-USD,Litecoin USD,137.35,+2.8403%
2021-07-28 09:52:38.782944,LTC-USD,Litecoin USD,137.35,+2.8403%
2021-07-28 09:52:43.418091,LTC-USD,Litecoin USD,137.35,+2.8403%
2021-07-28 09:52:48.025255,LTC-USD,Litecoin USD,137.35,+2.8403%
2021-07-28 09:52:52.671394,LTC-USD,Litecoin USD,137.35,+2.8403%
2021-07-28 09:52:57.526409,LTC-USD,Litecoin USD,137.35,+2.8403%
2021-07-28 09:53:02.389412,LTC-USD,Litecoin USD,137.35,+2.8403%
2021-07-28 09:53:07.006570,LTC-USD,Litecoin USD,137.35,+2.8403%
2021-07-28 09:53:11.899556,LTC-USD,Litecoin USD,137.35,+2.8403%
2021-07-28 09:53:16.444763,LTC-USD,Litecoin USD,137.35,+2.7549%
2021-07-28 09:53:20.937991,LTC-USD,Litecoin USD,137.35,+2.7549%
2021-07-28 09:53:25.523170,LTC-USD,Litecoin USD,137.35,+2.7549%
2021-07-28 09:53:30.115341,LTC-USD,Litecoin USD,137.35,+2.7549%
2021-07-28 09:53:34.534620,LTC-USD,Litecoin USD,137.35,+2.7549%
2021-07-28 09:53:38.999872,LTC-USD,Litecoin USD,137.35,+2.7549%
2021-07-28 09:53:43.468121,LTC-USD,Litecoin USD,137.35,+2.7549%
2021-07-28 09:53:47.822440,LTC-USD,Litecoin USD,137.35,+2.7549%
2021-07-28 09:53:52.220735,LTC-USD,Litecoin USD,137.35,+2.7549%
2021-07-28 09:53:56.933831,LTC-USD,Litecoin USD,137.35,+2.7549%
2021-07-28 09:54:01.422087,LTC-USD,Litecoin USD,137.35,+2.7549%
2021-07-28 09:54:05.928297,LTC-USD,Litecoin USD,137.35,+2.7549%
2021-07-28 09:54:10.548449,LTC-USD,Litecoin USD,137.35,+2.7549%
2021-07-28 09:54:15.286532,LTC-USD,Litecoin USD,137.36,+2.8173%
2021-07-28 09:54:19.830737,LTC-USD,Litecoin USD,137.36,+2.8173%
2021-07-28 09:54:24.329982,LTC-USD,Litecoin USD,137.36,+2.8173%
2021-07-28 09:54:28.871169,LTC-USD,Litecoin USD,137.36,+2.8173%
2021-07-28 09:54:33.319430,LTC-USD,Litecoin USD,137.36,+2.8173%
2021-07-28 09:54:37.743707,LTC-USD,Litecoin USD,137.36,+2.8173%
2021-07-28 09:54:42.361863,LTC-USD,Litecoin USD,137.36,+2.8173%
2021-07-28 09:54:46.974025,LTC-USD,Litecoin USD,137.36,+2.8173%
2021-07-28 09:54:51.680127,LTC-USD,Litecoin USD,137.36,+2.8173%
2021-07-28 09:54:56.349251,LTC-USD,Litecoin USD,137.36,+2.8173%
2021-07-28 09:55:00.916440,LTC-USD,Litecoin USD,137.36,+2.8173%
2021-07-28 09:55:05.423667,LTC-USD,Litecoin USD,137.36,+2.8173%
2021-07-28 09:55:10.036828,LTC-USD,Litecoin USD,137.36,+2.8173%
2021-07-28 09:55:14.909825,LTC-USD,Litecoin USD,137.03,+2.706%
2021-07-28 09:55:19.276136,LTC-USD,Litecoin USD,137.03,+2.706%
2021-07-28 09:55:23.682424,LTC-USD,Litecoin USD,137.03,+2.706%
2021-07-28 09:55:28.084715,LTC-USD,Litecoin USD,137.03,+2.706%
2021-07-28 09:55:32.671890,LTC-USD,Litecoin USD,137.03,+2.706%
2021-07-28 09:55:37.111159,LTC-USD,Litecoin USD,137.03,+2.706%
2021-07-28 09:55:41.711325,LTC-USD,Litecoin USD,137.03,+2.706%
2021-07-28 09:55:46.355467,LTC-USD,Litecoin USD,137.03,+2.706%
2021-07-28 09:55:51.034589,LTC-USD,Litecoin USD,137.03,+2.706%
2021-07-28 09:55:55.475850,LTC-USD,Litecoin USD,137.03,+2.706%
2021-07-28 09:56:00.136981,LTC-USD,Litecoin USD,137.03,+2.706%
2021-07-28 09:56:05.484689,LTC-USD,Litecoin USD,137.03,+2.706%
2021-07-28 09:56:10.213782,LTC-USD,Litecoin USD,137.03,+2.706%
2021-07-28 09:56:14.974846,LTC-USD,Litecoin USD,137.19,+2.6577%
2021-07-28 09:56:19.485070,LTC-USD,Litecoin USD,137.19,+2.6577%
2021-07-28 09:56:23.956317,LTC-USD,Litecoin USD,137.19,+2.6577%
2021-07-28 09:56:28.499519,LTC-USD,Litecoin USD,137.19,+2.6577%
2021-07-28 09:56:33.008744,LTC-USD,Litecoin USD,137.19,+2.6577%
2021-07-28 09:56:37.817785,LTC-USD,Litecoin USD,137.19,+2.6577%
2021-07-28 09:56:42.650809,LTC-USD,Litecoin USD,137.19,+2.6577%
2021-07-28 09:56:47.734679,LTC-USD,Litecoin USD,137.19,+2.6577%
2021-07-28 09:56:53.350223,LTC-USD,Litecoin USD,137.19,+2.6577%
2021-07-28 09:56:57.862442,LTC-USD,Litecoin USD,137.19,+2.6577%
2021-07-28 09:57:02.559552,LTC-USD,Litecoin USD,137.19,+2.6577%
2021-07-28 09:57:07.149726,LTC-USD,Litecoin USD,137.19,+2.6577%
2021-07-28 09:57:11.903799,LTC-USD,Litecoin USD,137.19,+2.6577%
2021-07-28 09:57:17.173555,LTC-USD,Litecoin USD,137.27,+2.8379%
2021-07-28 09:57:21.955615,LTC-USD,Litecoin USD,137.27,+2.8379%
2021-07-28 09:57:26.870587,LTC-USD,Litecoin USD,137.27,+2.8379%
2021-07-28 09:57:31.428780,LTC-USD,Litecoin USD,137.27,+2.8379%
2021-07-28 09:57:36.111896,LTC-USD,Litecoin USD,137.27,+2.8379%
2021-07-28 09:57:40.827993,LTC-USD,Litecoin USD,137.27,+2.8379%
2021-07-28 09:57:45.368196,LTC-USD,Litecoin USD,137.27,+2.8379%
2021-07-28 09:57:49.808463,LTC-USD,Litecoin USD,137.27,+2.8379%
2021-07-28 09:57:54.338675,LTC-USD,Litecoin USD,137.27,+2.8379%
2021-07-28 09:57:59.083753,LTC-USD,Litecoin USD,137.27,+2.8379%
2021-07-28 09:58:03.789856,LTC-USD,Litecoin USD,137.27,+2.8379%
2021-07-28 09:58:15.297770,LTC-USD,Litecoin USD,137.16,+2.7437%
2021-07-28 09:58:19.746031,LTC-USD,Litecoin USD,137.16,+2.7437%
2021-07-28 09:58:24.614035,LTC-USD,Litecoin USD,137.16,+2.7437%
2021-07-28 09:58:30.064679,LTC-USD,Litecoin USD,137.16,+2.7437%
2021-07-28 09:58:34.553915,LTC-USD,Litecoin USD,137.16,+2.7437%
2021-07-28 09:58:39.285004,LTC-USD,Litecoin USD,137.16,+2.7437%
2021-07-28 09:58:43.796225,LTC-USD,Litecoin USD,137.16,+2.7437%
2021-07-28 09:58:48.255480,LTC-USD,Litecoin USD,137.16,+2.7437%
2021-07-28 09:58:52.759707,LTC-USD,Litecoin USD,137.16,+2.7437%
2021-07-28 09:58:57.349882,LTC-USD,Litecoin USD,137.16,+2.7437%
2021-07-28 09:59:01.821129,LTC-USD,Litecoin USD,137.16,+2.7437%
2021-07-28 09:59:06.330351,LTC-USD,Litecoin USD,137.16,+2.7437%
2021-07-28 09:59:11.053445,LTC-USD,Litecoin USD,137.16,+2.7437%
2021-07-28 09:59:15.632625,LTC-USD,Litecoin USD,137.16,+2.7437%
2021-07-28 09:59:20.094880,LTC-USD,Litecoin USD,137.28,+2.7671%
2021-07-28 09:59:24.564129,LTC-USD,Litecoin USD,137.28,+2.7671%
2021-07-28 09:59:29.144308,LTC-USD,Litecoin USD,137.28,+2.7671%
2021-07-28 09:59:33.698502,LTC-USD,Litecoin USD,137.28,+2.7671%
2021-07-28 09:59:38.277695,LTC-USD,Litecoin USD,137.28,+2.7671%
2021-07-28 09:59:42.727944,LTC-USD,Litecoin USD,137.28,+2.7671%
2021-07-28 09:59:47.376083,LTC-USD,Litecoin USD,137.28,+2.7671%
2021-07-28 09:59:51.801357,LTC-USD,Litecoin USD,137.28,+2.7671%
2021-07-28 09:59:56.479477,LTC-USD,Litecoin USD,137.28,+2.7671%
2021-07-28 10:00:01.201586,LTC-USD,Litecoin USD,137.28,+2.7671%
2021-07-28 10:00:05.731781,LTC-USD,Litecoin USD,137.28,+2.7671%
2021-07-28 10:00:10.309969,LTC-USD,Litecoin USD,137.28,+2.7671%
2021-07-28 10:00:14.988088,LTC-USD,Litecoin USD,137.28,+2.7671%
2021-07-28 10:00:19.707177,LTC-USD,Litecoin USD,136.99,+2.4751%
2021-07-28 10:00:24.645139,LTC-USD,Litecoin USD,136.99,+2.4751%
2021-07-28 10:00:29.349242,LTC-USD,Litecoin USD,136.99,+2.4751%
2021-07-28 10:00:34.071335,LTC-USD,Litecoin USD,136.99,+2.4751%
2021-07-28 10:00:38.502608,LTC-USD,Litecoin USD,136.99,+2.4751%
2021-07-28 10:00:43.022823,LTC-USD,Litecoin USD,136.99,+2.4751%
2021-07-28 10:00:47.664971,LTC-USD,Litecoin USD,136.99,+2.4751%
2021-07-28 10:00:52.196177,LTC-USD,Litecoin USD,136.99,+2.4751%
2021-07-28 10:00:56.737380,LTC-USD,Litecoin USD,136.99,+2.4751%
2021-07-28 10:01:01.766289,LTC-USD,Litecoin USD,136.99,+2.4751%
2021-07-28 10:01:07.215931,LTC-USD,Litecoin USD,136.99,+2.4751%
2021-07-28 10:01:12.141897,LTC-USD,Litecoin USD,136.99,+2.4751%
2021-07-28 10:01:17.074217,LTC-USD,Litecoin USD,136.87,+2.4068%
2021-07-28 10:01:21.863242,LTC-USD,Litecoin USD,136.87,+2.4068%
2021-07-28 10:01:26.330605,LTC-USD,Litecoin USD,136.87,+2.4068%
2021-07-28 10:01:30.873631,LTC-USD,Litecoin USD,136.87,+2.4068%
2021-07-28 10:01:35.269250,LTC-USD,Litecoin USD,136.87,+2.4068%
2021-07-28 10:01:39.547740,LTC-USD,Litecoin USD,136.87,+2.4068%
2021-07-28 10:01:43.702180,LTC-USD,Litecoin USD,136.87,+2.4068%
2021-07-28 10:01:48.039509,LTC-USD,Litecoin USD,136.87,+2.4068%
2021-07-28 10:01:52.496764,LTC-USD,Litecoin USD,136.87,+2.4068%
2021-07-28 10:01:56.856069,LTC-USD,Litecoin USD,136.87,+2.4068%
2021-07-28 10:02:01.123322,LTC-USD,Litecoin USD,136.87,+2.4068%
2021-07-28 10:02:05.521917,LTC-USD,Litecoin USD,136.87,+2.4068%
2021-07-28 10:02:09.752086,LTC-USD,Litecoin USD,136.87,+2.4068%
2021-07-28 10:02:13.858614,LTC-USD,Litecoin USD,136.8,+2.4075%
2021-07-28 10:02:18.126484,LTC-USD,Litecoin USD,136.8,+2.4075%
2021-07-28 10:02:22.821948,LTC-USD,Litecoin USD,136.8,+2.4075%
2021-07-28 10:02:27.311811,LTC-USD,Litecoin USD,136.8,+2.4075%
2021-07-28 10:02:31.304789,LTC-USD,Litecoin USD,136.8,+2.4075%
2021-07-28 10:02:35.520783,LTC-USD,Litecoin USD,136.8,+2.4075%
2021-07-28 10:02:39.671895,LTC-USD,Litecoin USD,136.8,+2.4075%
2021-07-28 10:02:43.651483,LTC-USD,Litecoin USD,136.8,+2.4075%
2021-07-28 10:02:47.782561,LTC-USD,Litecoin USD,136.8,+2.4075%
2021-07-28 10:02:51.976018,LTC-USD,Litecoin USD,136.8,+2.4075%
2021-07-28 10:02:56.698918,LTC-USD,Litecoin USD,136.8,+2.4075%
2021-07-28 10:03:01.067576,LTC-USD,Litecoin USD,136.8,+2.4075%
2021-07-28 10:03:05.095347,LTC-USD,Litecoin USD,136.8,+2.4075%
2021-07-28 10:03:09.544873,LTC-USD,Litecoin USD,136.8,+2.4075%
2021-07-28 10:03:13.582603,LTC-USD,Litecoin USD,136.8,+2.43%
2021-07-28 10:03:18.028174,LTC-USD,Litecoin USD,137.08,+2.43%
2021-07-28 10:03:22.478767,LTC-USD,Litecoin USD,137.08,+2.43%
2021-07-28 10:03:27.238882,LTC-USD,Litecoin USD,137.08,+2.43%
2021-07-28 10:03:32.686991,LTC-USD,Litecoin USD,137.08,+2.43%
2021-07-28 10:03:37.599734,LTC-USD,Litecoin USD,137.08,+2.43%
2021-07-28 10:03:42.256866,LTC-USD,Litecoin USD,137.08,+2.43%
2021-07-28 10:03:46.959971,LTC-USD,Litecoin USD,137.08,+2.43%
2021-07-28 10:03:51.609108,LTC-USD,Litecoin USD,137.08,+2.43%
2021-07-28 10:03:56.219270,LTC-USD,Litecoin USD,137.08,+2.43%
2021-07-28 10:04:00.823547,LTC-USD,Litecoin USD,137.08,+2.43%
2021-07-28 10:04:05.030832,LTC-USD,Litecoin USD,137.08,+2.43%
2021-07-28 10:04:09.392052,LTC-USD,Litecoin USD,137.08,+2.43%
2021-07-28 10:04:13.575965,LTC-USD,Litecoin USD,137.08,+2.43%
2021-07-28 10:04:17.702256,LTC-USD,Litecoin USD,137.25,+2.644%
2021-07-28 10:04:22.660426,LTC-USD,Litecoin USD,137.25,+2.644%
2021-07-28 10:04:26.890807,LTC-USD,Litecoin USD,137.25,+2.644%
2021-07-28 10:04:31.299124,LTC-USD,Litecoin USD,137.25,+2.644%
2021-07-28 10:04:35.757276,LTC-USD,Litecoin USD,137.25,+2.644%
2021-07-28 10:04:40.420160,LTC-USD,Litecoin USD,137.25,+2.644%
2021-07-28 10:04:44.822309,LTC-USD,Litecoin USD,137.25,+2.644%
2021-07-28 10:04:48.938700,LTC-USD,Litecoin USD,137.25,+2.644%
2021-07-28 10:04:52.925783,LTC-USD,Litecoin USD,137.25,+2.644%
2021-07-28 10:04:57.043707,LTC-USD,Litecoin USD,137.25,+2.644%
2021-07-28 10:05:01.219697,LTC-USD,Litecoin USD,137.25,+2.644%
2021-07-28 10:05:05.209859,LTC-USD,Litecoin USD,137.25,+2.644%
2021-07-28 10:05:09.401832,LTC-USD,Litecoin USD,137.25,+2.644%
2021-07-28 10:05:13.552836,LTC-USD,Litecoin USD,137.25,+2.644%
2021-07-28 10:05:17.565632,LTC-USD,Litecoin USD,137.46,+2.8011%
2021-07-28 10:05:21.561995,LTC-USD,Litecoin USD,137.46,+2.8011%
2021-07-28 10:05:25.622943,LTC-USD,Litecoin USD,137.46,+2.8011%
2021-07-28 10:05:29.701494,LTC-USD,Litecoin USD,137.46,+2.8011%
2021-07-28 10:05:33.700109,LTC-USD,Litecoin USD,137.46,+2.8011%
2021-07-28 10:05:37.670736,LTC-USD,Litecoin USD,137.46,+2.8011%
2021-07-28 10:05:41.902799,LTC-USD,Litecoin USD,137.46,+2.8011%
2021-07-28 10:05:46.062282,LTC-USD,Litecoin USD,137.46,+2.8011%
2021-07-28 10:05:50.020968,LTC-USD,Litecoin USD,137.46,+2.8011%
2021-07-28 10:05:53.975059,LTC-USD,Litecoin USD,137.46,+2.8011%
2021-07-28 10:05:58.088187,LTC-USD,Litecoin USD,137.46,+2.8011%
2021-07-28 10:06:02.291063,LTC-USD,Litecoin USD,137.46,+2.8011%
2021-07-28 10:06:06.327886,LTC-USD,Litecoin USD,137.46,+2.8011%
2021-07-28 10:06:10.520865,LTC-USD,Litecoin USD,137.46,+2.8011%
2021-07-28 10:06:14.838312,LTC-USD,Litecoin USD,137.46,+2.8011%
2021-07-28 10:06:18.893977,LTC-USD,Litecoin USD,137.52,+2.9674%
2021-07-28 10:06:22.842415,LTC-USD,Litecoin USD,137.52,+2.9674%
2021-07-28 10:06:26.846721,LTC-USD,Litecoin USD,137.52,+2.9674%
2021-07-28 10:06:30.874157,LTC-USD,Litecoin USD,137.52,+2.9674%
2021-07-28 10:06:35.067602,LTC-USD,Litecoin USD,137.52,+2.9674%
2021-07-28 10:06:39.161285,LTC-USD,Litecoin USD,137.52,+2.9674%
2021-07-28 10:06:43.133812,LTC-USD,Litecoin USD,137.52,+2.9674%
2021-07-28 10:06:47.483874,LTC-USD,Litecoin USD,137.52,+2.9674%
2021-07-28 10:06:51.614480,LTC-USD,Litecoin USD,137.52,+2.9674%
2021-07-28 10:06:55.896486,LTC-USD,Litecoin USD,137.52,+2.9674%
2021-07-28 10:06:59.936803,LTC-USD,Litecoin USD,137.52,+2.9674%
2021-07-28 10:07:04.124868,LTC-USD,Litecoin USD,137.52,+2.9674%
2021-07-28 10:07:08.324383,LTC-USD,Litecoin USD,137.52,+2.9674%
2021-07-28 10:07:12.495912,LTC-USD,Litecoin USD,137.52,+2.9674%
2021-07-28 10:07:16.604129,LTC-USD,Litecoin USD,137.8,+3.16%
2021-07-28 10:07:20.802258,LTC-USD,Litecoin USD,137.8,+3.16%
2021-07-28 10:07:25.403293,LTC-USD,Litecoin USD,137.8,+3.16%
2021-07-28 10:07:29.496517,LTC-USD,Litecoin USD,137.8,+3.16%
2021-07-28 10:07:33.703744,LTC-USD,Litecoin USD,137.8,+3.16%
2021-07-28 10:07:37.932624,LTC-USD,Litecoin USD,137.8,+3.16%
2021-07-28 10:07:42.286190,LTC-USD,Litecoin USD,137.8,+3.16%
2021-07-28 10:07:46.494363,LTC-USD,Litecoin USD,137.8,+3.16%
2021-07-28 10:07:50.558457,LTC-USD,Litecoin USD,137.8,+3.16%
2021-07-28 10:07:54.563735,LTC-USD,Litecoin USD,137.8,+3.16%
2021-07-28 10:07:58.934179,LTC-USD,Litecoin USD,137.8,+3.16%
2021-07-28 10:08:03.059646,LTC-USD,Litecoin USD,137.8,+3.16%
2021-07-28 10:08:07.187271,LTC-USD,Litecoin USD,137.8,+3.16%
2021-07-28 10:08:11.429680,LTC-USD,Litecoin USD,137.8,+3.16%
2021-07-28 10:08:15.737794,LTC-USD,Litecoin USD,137.82,+3.1849%
2021-07-28 10:08:19.971401,LTC-USD,Litecoin USD,137.82,+3.1849%
2021-07-28 10:08:24.039413,LTC-USD,Litecoin USD,137.82,+3.1849%
2021-07-28 10:08:28.193604,LTC-USD,Litecoin USD,137.82,+3.1849%
2021-07-28 10:08:32.606129,LTC-USD,Litecoin USD,137.82,+3.1849%
2021-07-28 10:08:36.863137,LTC-USD,Litecoin USD,137.82,+3.1849%
2021-07-28 10:08:41.006040,LTC-USD,Litecoin USD,137.82,+3.1849%
2021-07-28 10:08:45.193823,LTC-USD,Litecoin USD,137.82,+3.1849%
2021-07-28 10:08:49.367526,LTC-USD,Litecoin USD,137.82,+3.1849%
2021-07-28 10:08:53.421517,LTC-USD,Litecoin USD,137.82,+3.1849%
2021-07-28 10:08:57.531208,LTC-USD,Litecoin USD,137.82,+3.1849%
2021-07-28 10:09:01.559662,LTC-USD,Litecoin USD,137.82,+3.1849%
2021-07-28 10:09:05.818661,LTC-USD,Litecoin USD,137.82,+3.1849%
2021-07-28 10:09:09.847044,LTC-USD,Litecoin USD,137.82,+3.1849%
2021-07-28 10:09:14.174482,LTC-USD,Litecoin USD,137.89,+3.2138%
2021-07-28 10:09:18.240351,LTC-USD,Litecoin USD,137.89,+3.2138%
2021-07-28 10:09:22.273091,LTC-USD,Litecoin USD,137.89,+3.2138%
2021-07-28 10:09:26.417707,LTC-USD,Litecoin USD,137.89,+3.2138%
2021-07-28 10:09:30.505872,LTC-USD,Litecoin USD,137.89,+3.2138%
2021-07-28 10:09:34.481018,LTC-USD,Litecoin USD,137.89,+3.2138%
2021-07-28 10:09:38.590951,LTC-USD,Litecoin USD,137.89,+3.2138%
2021-07-28 10:09:42.899407,LTC-USD,Litecoin USD,137.89,+3.2138%
2021-07-28 10:09:47.190524,LTC-USD,Litecoin USD,137.89,+3.2138%
2021-07-28 10:09:51.265515,LTC-USD,Litecoin USD,137.89,+3.2138%
2021-07-28 10:09:55.247592,LTC-USD,Litecoin USD,137.89,+3.2138%
2021-07-28 10:10:00.187037,LTC-USD,Litecoin USD,137.89,+3.2138%
2021-07-28 10:10:04.289295,LTC-USD,Litecoin USD,137.89,+3.2138%
2021-07-28 10:10:08.245143,LTC-USD,Litecoin USD,137.89,+3.2138%
2021-07-28 10:10:12.489045,LTC-USD,Litecoin USD,137.89,+3.2138%
2021-07-28 10:10:16.548035,LTC-USD,Litecoin USD,137.89,+3.2138%
2021-07-28 10:10:20.602210,LTC-USD,Litecoin USD,137.94,+3.4022%
2021-07-28 10:10:24.816014,LTC-USD,Litecoin USD,137.94,+3.4022%
2021-07-28 10:10:28.765686,LTC-USD,Litecoin USD,137.94,+3.4022%
2021-07-28 10:10:32.902770,LTC-USD,Litecoin USD,137.94,+3.4022%
2021-07-28 10:10:36.856112,LTC-USD,Litecoin USD,137.94,+3.4022%
2021-07-28 10:10:40.932325,LTC-USD,Litecoin USD,137.94,+3.4022%
2021-07-28 10:10:46.040490,LTC-USD,Litecoin USD,137.94,+3.4022%
2021-07-28 10:10:51.324510,LTC-USD,Litecoin USD,137.94,+3.4022%
2021-07-28 10:10:55.456083,LTC-USD,Litecoin USD,137.94,+3.4022%
2021-07-28 10:10:59.664272,LTC-USD,Litecoin USD,137.94,+3.4022%
2021-07-28 10:11:03.765622,LTC-USD,Litecoin USD,137.94,+3.4022%
2021-07-28 10:11:07.899691,LTC-USD,Litecoin USD,137.94,+3.4022%
2021-07-28 10:11:11.842580,LTC-USD,Litecoin USD,137.94,+3.4022%
2021-07-28 10:11:15.789554,LTC-USD,Litecoin USD,137.82,+3.3487%
2021-07-28 10:11:20.108768,LTC-USD,Litecoin USD,137.82,+3.3487%
2021-07-28 10:11:24.462861,LTC-USD,Litecoin USD,137.82,+3.3487%
2021-07-28 10:11:28.524337,LTC-USD,Litecoin USD,137.82,+3.3487%
2021-07-28 10:11:32.604097,LTC-USD,Litecoin USD,137.82,+3.3487%
2021-07-28 10:11:36.789627,LTC-USD,Litecoin USD,137.82,+3.3487%
2021-07-28 10:11:40.894868,LTC-USD,Litecoin USD,137.82,+3.3487%
2021-07-28 10:11:44.977538,LTC-USD,Litecoin USD,137.82,+3.3487%
2021-07-28 10:11:48.948332,LTC-USD,Litecoin USD,137.82,+3.3487%
2021-07-28 10:11:53.076105,LTC-USD,Litecoin USD,137.82,+3.3487%
2021-07-28 10:11:57.343479,LTC-USD,Litecoin USD,137.82,+3.3487%
2021-07-28 10:12:01.617630,LTC-USD,Litecoin USD,137.82,+3.3487%
2021-07-28 10:12:05.641030,LTC-USD,Litecoin USD,137.82,+3.3487%
2021-07-28 10:12:09.793737,LTC-USD,Litecoin USD,137.82,+3.3487%
2021-07-28 10:12:13.799627,LTC-USD,Litecoin USD,137.82,+3.3487%
2021-07-28 10:12:18.060160,LTC-USD,Litecoin USD,137.9,+3.3159%
2021-07-28 10:12:22.224550,LTC-USD,Litecoin USD,137.9,+3.3159%
2021-07-28 10:12:26.309104,LTC-USD,Litecoin USD,137.9,+3.3159%
2021-07-28 10:12:30.309694,LTC-USD,Litecoin USD,137.9,+3.3159%
2021-07-28 10:12:34.572732,LTC-USD,Litecoin USD,137.9,+3.3159%
2021-07-28 10:12:38.861491,LTC-USD,Litecoin USD,137.9,+3.3159%
2021-07-28 10:12:43.072506,LTC-USD,Litecoin USD,137.9,+3.3159%
2021-07-28 10:12:47.363091,LTC-USD,Litecoin USD,137.9,+3.3159%
2021-07-28 10:12:51.414093,LTC-USD,Litecoin USD,137.9,+3.3159%
2021-07-28 10:12:55.783951,LTC-USD,Litecoin USD,137.9,+3.3159%
2021-07-28 10:13:00.057646,LTC-USD,Litecoin USD,137.9,+3.3159%
2021-07-28 10:13:04.358686,LTC-USD,Litecoin USD,137.9,+3.3159%
2021-07-28 10:13:08.572710,LTC-USD,Litecoin USD,137.9,+3.3159%
2021-07-28 10:13:12.653456,LTC-USD,Litecoin USD,137.9,+3.3159%
2021-07-28 10:13:16.834720,LTC-USD,Litecoin USD,137.79,+3.2826%
2021-07-28 10:13:20.864322,LTC-USD,Litecoin USD,137.79,+3.2826%
2021-07-28 10:13:25.190475,LTC-USD,Litecoin USD,137.79,+3.2826%
2021-07-28 10:13:29.282531,LTC-USD,Litecoin USD,137.79,+3.2826%
2021-07-28 10:13:33.372548,LTC-USD,Litecoin USD,137.79,+3.2826%
2021-07-28 10:13:37.606679,LTC-USD,Litecoin USD,137.79,+3.2826%
2021-07-28 10:13:42.164105,LTC-USD,Litecoin USD,137.79,+3.2826%
2021-07-28 10:13:46.564642,LTC-USD,Litecoin USD,137.79,+3.2826%
2021-07-28 10:13:50.791564,LTC-USD,Litecoin USD,137.79,+3.2826%
2021-07-28 10:13:54.947005,LTC-USD,Litecoin USD,137.79,+3.2826%
2021-07-28 10:13:59.137429,LTC-USD,Litecoin USD,137.79,+3.2826%
2021-07-28 10:14:03.591685,LTC-USD,Litecoin USD,137.79,+3.2826%
2021-07-28 10:14:08.451692,LTC-USD,Litecoin USD,137.79,+3.2826%
2021-07-28 10:14:12.809203,LTC-USD,Litecoin USD,137.79,+3.2826%
2021-07-28 10:14:17.310530,LTC-USD,Litecoin USD,137.31,+2.8795%
2021-07-28 10:14:21.569238,LTC-USD,Litecoin USD,137.31,+2.8795%
2021-07-28 10:14:25.553550,LTC-USD,Litecoin USD,137.31,+2.8795%
2021-07-28 10:14:29.704292,LTC-USD,Litecoin USD,137.31,+2.8795%
2021-07-28 10:14:33.892862,LTC-USD,Litecoin USD,137.31,+2.8795%
2021-07-28 10:14:38.146836,LTC-USD,Litecoin USD,137.31,+2.8795%
2021-07-28 10:14:42.407359,LTC-USD,Litecoin USD,137.31,+2.8795%
2021-07-28 10:14:46.461383,LTC-USD,Litecoin USD,137.31,+2.8795%
2021-07-28 10:14:50.571055,LTC-USD,Litecoin USD,137.31,+2.8795%
2021-07-28 10:14:54.848149,LTC-USD,Litecoin USD,137.31,+2.8795%
2021-07-28 10:14:59.059462,LTC-USD,Litecoin USD,137.31,+2.8795%
2021-07-28 10:15:03.309500,LTC-USD,Litecoin USD,137.31,+2.8795%
2021-07-28 10:15:07.456928,LTC-USD,Litecoin USD,137.31,+2.8795%
2021-07-28 10:15:11.543439,LTC-USD,Litecoin USD,137.31,+2.8795%
2021-07-28 10:15:15.801276,LTC-USD,Litecoin USD,137.31,+2.9536%
2021-07-28 10:15:20.136493,LTC-USD,Litecoin USD,137.31,+2.9536%
2021-07-28 10:15:24.186246,LTC-USD,Litecoin USD,137.31,+2.9536%
2021-07-28 10:15:28.469110,LTC-USD,Litecoin USD,137.31,+2.9536%
2021-07-28 10:15:32.478870,LTC-USD,Litecoin USD,137.31,+2.9536%
2021-07-28 10:15:36.757901,LTC-USD,Litecoin USD,137.31,+2.9536%
2021-07-28 10:15:40.851598,LTC-USD,Litecoin USD,137.31,+2.9536%
2021-07-28 10:15:44.985356,LTC-USD,Litecoin USD,137.31,+2.9536%
2021-07-28 10:15:49.109949,LTC-USD,Litecoin USD,137.31,+2.9536%
2021-07-28 10:15:53.425088,LTC-USD,Litecoin USD,137.31,+2.9536%
2021-07-28 10:15:57.767776,LTC-USD,Litecoin USD,137.31,+2.9536%
2021-07-28 10:16:01.894762,LTC-USD,Litecoin USD,137.31,+2.9536%
2021-07-28 10:16:05.987418,LTC-USD,Litecoin USD,137.31,+2.9536%
2021-07-28 10:16:09.936357,LTC-USD,Litecoin USD,137.31,+2.9536%
2021-07-28 10:16:14.145881,LTC-USD,Litecoin USD,137.34,+3.0124%
2021-07-28 10:16:18.360603,LTC-USD,Litecoin USD,137.34,+3.0124%
2021-07-28 10:16:22.453644,LTC-USD,Litecoin USD,137.34,+3.0124%
2021-07-28 10:16:26.625855,LTC-USD,Litecoin USD,137.34,+3.0124%
2021-07-28 10:16:30.866644,LTC-USD,Litecoin USD,137.34,+3.0124%
2021-07-28 10:16:35.095927,LTC-USD,Litecoin USD,137.34,+3.0124%
2021-07-28 10:16:39.345769,LTC-USD,Litecoin USD,137.34,+3.0124%
2021-07-28 10:16:43.857011,LTC-USD,Litecoin USD,137.34,+3.0124%
2021-07-28 10:16:47.938819,LTC-USD,Litecoin USD,137.34,+3.0124%
2021-07-28 10:16:52.095462,LTC-USD,Litecoin USD,137.34,+3.0124%
2021-07-28 10:16:56.244997,LTC-USD,Litecoin USD,137.34,+3.0124%
2021-07-28 10:17:00.467568,LTC-USD,Litecoin USD,137.34,+3.0124%
2021-07-28 10:17:04.997299,LTC-USD,Litecoin USD,137.34,+3.0124%
2021-07-28 10:17:09.107256,LTC-USD,Litecoin USD,137.34,+3.0124%
2021-07-28 10:17:13.550973,LTC-USD,Litecoin USD,137.34,+3.0124%
2021-07-28 10:17:17.592874,LTC-USD,Litecoin USD,137.44,+3.183%
2021-07-28 10:17:22.346286,LTC-USD,Litecoin USD,137.44,+3.183%
2021-07-28 10:17:27.129482,LTC-USD,Litecoin USD,137.44,+3.183%
2021-07-28 10:17:31.629201,LTC-USD,Litecoin USD,137.44,+3.183%
2021-07-28 10:17:36.245890,LTC-USD,Litecoin USD,137.44,+3.183%
2021-07-28 10:17:40.524199,LTC-USD,Litecoin USD,137.44,+3.183%
2021-07-28 10:17:44.734972,LTC-USD,Litecoin USD,137.44,+3.183%
2021-07-28 10:17:48.735256,LTC-USD,Litecoin USD,137.44,+3.183%
2021-07-28 10:17:52.696161,LTC-USD,Litecoin USD,137.44,+3.183%
2021-07-28 10:17:56.778469,LTC-USD,Litecoin USD,137.44,+3.183%
2021-07-28 10:18:01.188329,LTC-USD,Litecoin USD,137.44,+3.183%
2021-07-28 10:18:05.333076,LTC-USD,Litecoin USD,137.44,+3.183%
2021-07-28 10:18:09.612410,LTC-USD,Litecoin USD,137.44,+3.183%
2021-07-28 10:18:13.806985,LTC-USD,Litecoin USD,137.44,+3.183%
2021-07-28 10:18:17.978065,LTC-USD,Litecoin USD,137.44,+3.1196%
2021-07-28 10:18:22.295212,LTC-USD,Litecoin USD,137.44,+3.1196%
2021-07-28 10:18:26.522983,LTC-USD,Litecoin USD,137.44,+3.1196%
2021-07-28 10:18:30.495751,LTC-USD,Litecoin USD,137.44,+3.1196%
2021-07-28 10:18:34.626510,LTC-USD,Litecoin USD,137.44,+3.1196%
2021-07-28 10:18:38.977543,LTC-USD,Litecoin USD,137.44,+3.1196%
2021-07-28 10:18:43.353001,LTC-USD,Litecoin USD,137.44,+3.1196%
2021-07-28 10:18:47.855631,LTC-USD,Litecoin USD,137.44,+3.1196%
2021-07-28 10:18:52.208208,LTC-USD,Litecoin USD,137.44,+3.1196%
2021-07-28 10:18:56.466281,LTC-USD,Litecoin USD,137.44,+3.1196%
2021-07-28 10:19:00.621242,LTC-USD,Litecoin USD,137.44,+3.1196%
2021-07-28 10:19:04.797613,LTC-USD,Litecoin USD,137.44,+3.1196%
2021-07-28 10:19:09.028667,LTC-USD,Litecoin USD,137.44,+3.1196%
2021-07-28 10:19:13.329176,LTC-USD,Litecoin USD,137.44,+3.1196%
2021-07-28 10:19:17.651470,LTC-USD,Litecoin USD,137.48,+3.2754%
2021-07-28 10:19:22.239647,LTC-USD,Litecoin USD,137.48,+3.2754%
2021-07-28 10:19:26.519171,LTC-USD,Litecoin USD,137.48,+3.2754%
2021-07-28 10:19:30.970595,LTC-USD,Litecoin USD,137.48,+3.2754%
2021-07-28 10:19:35.207158,LTC-USD,Litecoin USD,137.48,+3.2754%
2021-07-28 10:19:39.453221,LTC-USD,Litecoin USD,137.48,+3.2754%
2021-07-28 10:19:44.057178,LTC-USD,Litecoin USD,137.48,+3.2754%
2021-07-28 10:19:48.612450,LTC-USD,Litecoin USD,137.48,+3.2754%
2021-07-28 10:19:52.965548,LTC-USD,Litecoin USD,137.48,+3.2754%
2021-07-28 10:19:57.354928,LTC-USD,Litecoin USD,137.48,+3.2754%
2021-07-28 10:20:02.019135,LTC-USD,Litecoin USD,137.48,+3.2754%
2021-07-28 10:20:06.302500,LTC-USD,Litecoin USD,137.48,+3.2754%
2021-07-28 10:20:10.414171,LTC-USD,Litecoin USD,137.48,+3.2754%
2021-07-28 10:20:15.055142,LTC-USD,Litecoin USD,137.46,+3.122%
2021-07-28 10:20:19.420165,LTC-USD,Litecoin USD,137.46,+3.122%
2021-07-28 10:20:23.916616,LTC-USD,Litecoin USD,137.46,+3.122%
2021-07-28 10:20:28.550141,LTC-USD,Litecoin USD,137.46,+3.122%
2021-07-28 10:20:32.989070,LTC-USD,Litecoin USD,137.46,+3.122%
2021-07-28 10:20:37.515285,LTC-USD,Litecoin USD,137.46,+3.122%
2021-07-28 10:20:41.813462,LTC-USD,Litecoin USD,137.46,+3.122%
2021-07-28 10:20:46.142795,LTC-USD,Litecoin USD,137.46,+3.122%
2021-07-28 10:20:50.293280,LTC-USD,Litecoin USD,137.46,+3.122%
2021-07-28 10:20:54.402455,LTC-USD,Litecoin USD,137.46,+3.122%
2021-07-28 10:20:58.746647,LTC-USD,Litecoin USD,137.46,+3.122%
2021-07-28 10:21:02.836131,LTC-USD,Litecoin USD,137.46,+3.122%
2021-07-28 10:21:06.973091,LTC-USD,Litecoin USD,137.46,+3.122%
2021-07-28 10:21:10.959088,LTC-USD,Litecoin USD,137.46,+3.122%
2021-07-28 10:21:15.130779,LTC-USD,Litecoin USD,137.51,+3.2701%
2021-07-28 10:21:19.138263,LTC-USD,Litecoin USD,137.51,+3.2701%
2021-07-28 10:21:23.244653,LTC-USD,Litecoin USD,137.51,+3.2701%
2021-07-28 10:21:27.503465,LTC-USD,Litecoin USD,137.51,+3.2701%
2021-07-28 10:21:31.579970,LTC-USD,Litecoin USD,137.51,+3.2701%
2021-07-28 10:21:36.173892,LTC-USD,Litecoin USD,137.51,+3.2701%
2021-07-28 10:21:40.513104,LTC-USD,Litecoin USD,137.51,+3.2701%
2021-07-28 10:21:44.884986,LTC-USD,Litecoin USD,137.51,+3.2701%
2021-07-28 10:21:49.335845,LTC-USD,Litecoin USD,137.51,+3.2701%
2021-07-28 10:21:53.781622,LTC-USD,Litecoin USD,137.51,+3.2701%
2021-07-28 10:21:58.619785,LTC-USD,Litecoin USD,137.51,+3.2701%
2021-07-28 10:22:03.809403,LTC-USD,Litecoin USD,137.51,+3.2701%
2021-07-28 10:22:08.543235,LTC-USD,Litecoin USD,137.51,+3.2701%
2021-07-28 10:22:13.515927,LTC-USD,Litecoin USD,137.51,+3.2701%
2021-07-28 10:22:18.769693,LTC-USD,Litecoin USD,137.4,+3.1481%
2021-07-28 10:22:22.991861,LTC-USD,Litecoin USD,137.4,+3.1481%
2021-07-28 10:22:27.180381,LTC-USD,Litecoin USD,137.4,+3.1481%
2021-07-28 10:22:31.497208,LTC-USD,Litecoin USD,137.4,+3.1481%
2021-07-28 10:22:35.900319,LTC-USD,Litecoin USD,137.4,+3.1481%
2021-07-28 10:22:40.829629,LTC-USD,Litecoin USD,137.4,+3.1481%
2021-07-28 10:22:45.411601,LTC-USD,Litecoin USD,137.4,+3.1481%
2021-07-28 10:22:50.416068,LTC-USD,Litecoin USD,137.4,+3.1481%
2021-07-28 10:22:55.078042,LTC-USD,Litecoin USD,137.4,+3.1481%
2021-07-28 10:22:59.796088,LTC-USD,Litecoin USD,137.4,+3.1481%
2021-07-28 10:23:04.537043,LTC-USD,Litecoin USD,137.4,+3.1481%
2021-07-28 10:23:09.171015,LTC-USD,Litecoin USD,137.4,+3.1481%
2021-07-28 10:23:13.280134,LTC-USD,Litecoin USD,137.4,+3.1481%
2021-07-28 10:23:17.528155,LTC-USD,Litecoin USD,137.33,+2.9922%
2021-07-28 10:23:21.500300,LTC-USD,Litecoin USD,137.33,+2.9922%
2021-07-28 10:23:25.454858,LTC-USD,Litecoin USD,137.33,+2.9922%
2021-07-28 10:23:30.073468,LTC-USD,Litecoin USD,137.33,+2.9922%
2021-07-28 10:23:34.518607,LTC-USD,Litecoin USD,137.33,+2.9922%
2021-07-28 10:23:38.715946,LTC-USD,Litecoin USD,137.33,+2.9922%
2021-07-28 10:23:43.062663,LTC-USD,Litecoin USD,137.33,+2.9922%
2021-07-28 10:23:47.533977,LTC-USD,Litecoin USD,137.33,+2.9922%
2021-07-28 10:23:51.869297,LTC-USD,Litecoin USD,137.33,+2.9922%
2021-07-28 10:23:56.013747,LTC-USD,Litecoin USD,137.33,+2.9922%
2021-07-28 10:24:00.607918,LTC-USD,Litecoin USD,137.33,+2.9922%
2021-07-28 10:24:06.381362,LTC-USD,Litecoin USD,137.33,+2.9922%
2021-07-28 10:24:11.440248,LTC-USD,Litecoin USD,137.33,+2.9922%
2021-07-28 10:24:16.130910,LTC-USD,Litecoin USD,137.22,+2.84%
2021-07-28 10:24:21.886369,LTC-USD,Litecoin USD,137.22,+2.84%
2021-07-28 10:24:28.085551,LTC-USD,Litecoin USD,137.22,+2.84%
2021-07-28 10:24:32.833628,LTC-USD,Litecoin USD,137.22,+2.84%
2021-07-28 10:24:37.131981,LTC-USD,Litecoin USD,137.22,+2.84%
2021-07-28 10:24:41.534062,LTC-USD,Litecoin USD,137.22,+2.84%
2021-07-28 10:24:46.009675,LTC-USD,Litecoin USD,137.22,+2.84%
2021-07-28 10:24:50.292999,LTC-USD,Litecoin USD,137.22,+2.84%
2021-07-28 10:24:54.495744,LTC-USD,Litecoin USD,137.22,+2.84%
2021-07-28 10:24:58.842398,LTC-USD,Litecoin USD,137.22,+2.84%
2021-07-28 10:25:03.657044,LTC-USD,Litecoin USD,137.22,+2.84%
2021-07-28 10:25:08.972450,LTC-USD,Litecoin USD,137.22,+2.84%
2021-07-28 10:25:13.621975,LTC-USD,Litecoin USD,137.2,+2.831%
2021-07-28 10:25:18.733828,LTC-USD,Litecoin USD,137.2,+2.831%
2021-07-28 10:25:22.982154,LTC-USD,Litecoin USD,137.2,+2.831%
2021-07-28 10:25:27.347057,LTC-USD,Litecoin USD,137.2,+2.831%
2021-07-28 10:25:32.617827,LTC-USD,Litecoin USD,137.2,+2.831%
2021-07-28 10:25:37.463388,LTC-USD,Litecoin USD,137.2,+2.831%
2021-07-28 10:25:41.597193,LTC-USD,Litecoin USD,137.2,+2.831%
2021-07-28 10:25:45.704107,LTC-USD,Litecoin USD,137.2,+2.831%
2021-07-28 10:25:50.572538,LTC-USD,Litecoin USD,137.2,+2.831%
2021-07-28 10:25:54.912964,LTC-USD,Litecoin USD,137.2,+2.831%
2021-07-28 10:25:59.101893,LTC-USD,Litecoin USD,137.2,+2.831%
2021-07-28 10:26:03.263445,LTC-USD,Litecoin USD,137.2,+2.831%
2021-07-28 10:26:07.296599,LTC-USD,Litecoin USD,137.2,+2.831%
2021-07-28 10:26:11.438729,LTC-USD,Litecoin USD,137.2,+2.831%
2021-07-28 10:26:15.459681,LTC-USD,Litecoin USD,137.31,+2.8876%
2021-07-28 10:26:19.556922,LTC-USD,Litecoin USD,137.31,+2.8876%
2021-07-28 10:26:24.364444,LTC-USD,Litecoin USD,137.31,+2.8876%
2021-07-28 10:26:28.773107,LTC-USD,Litecoin USD,137.31,+2.8876%
2021-07-28 10:26:32.945287,LTC-USD,Litecoin USD,137.31,+2.8876%
2021-07-28 10:26:37.178118,LTC-USD,Litecoin USD,137.31,+2.8876%
2021-07-28 10:26:41.434909,LTC-USD,Litecoin USD,137.31,+2.8876%
2021-07-28 10:26:45.398155,LTC-USD,Litecoin USD,137.31,+2.8876%
2021-07-28 10:26:49.786770,LTC-USD,Litecoin USD,137.31,+2.8876%
2021-07-28 10:26:54.371466,LTC-USD,Litecoin USD,137.31,+2.8876%
2021-07-28 10:26:58.499629,LTC-USD,Litecoin USD,137.31,+2.8876%
2021-07-28 10:27:03.027373,LTC-USD,Litecoin USD,137.31,+2.8876%
2021-07-28 10:27:07.457284,LTC-USD,Litecoin USD,137.31,+2.8876%
2021-07-28 10:27:11.793024,LTC-USD,Litecoin USD,137.31,+2.8876%
2021-07-28 10:27:15.849443,LTC-USD,Litecoin USD,137.31,+2.8876%
2021-07-28 10:27:20.060436,LTC-USD,Litecoin USD,137.26,+2.8457%
2021-07-28 10:27:24.560395,LTC-USD,Litecoin USD,137.26,+2.8457%
2021-07-28 10:27:29.160011,LTC-USD,Litecoin USD,137.26,+2.8457%
2021-07-28 10:27:33.787112,LTC-USD,Litecoin USD,137.26,+2.8457%
2021-07-28 10:27:38.011101,LTC-USD,Litecoin USD,137.26,+2.8457%
2021-07-28 10:27:42.287511,LTC-USD,Litecoin USD,137.26,+2.8457%
2021-07-28 10:27:46.975242,LTC-USD,Litecoin USD,137.26,+2.8457%
2021-07-28 10:27:51.290583,LTC-USD,Litecoin USD,137.26,+2.8457%
2021-07-28 10:27:55.731830,LTC-USD,Litecoin USD,137.26,+2.8457%
2021-07-28 10:28:00.661882,LTC-USD,Litecoin USD,137.26,+2.8457%
2021-07-28 10:28:05.633817,LTC-USD,Litecoin USD,137.26,+2.8457%
2021-07-28 10:28:10.073555,LTC-USD,Litecoin USD,137.26,+2.8457%
2021-07-28 10:28:14.868507,LTC-USD,Litecoin USD,137.29,+2.8973%
2021-07-28 10:28:19.051969,LTC-USD,Litecoin USD,137.29,+2.8973%
2021-07-28 10:28:23.644208,LTC-USD,Litecoin USD,137.29,+2.8973%
2021-07-28 10:28:27.956023,LTC-USD,Litecoin USD,137.29,+2.8973%
2021-07-28 10:28:32.456664,LTC-USD,Litecoin USD,137.29,+2.8973%
2021-07-28 10:28:36.505449,LTC-USD,Litecoin USD,137.29,+2.8973%
2021-07-28 10:28:41.178237,LTC-USD,Litecoin USD,137.29,+2.8973%
2021-07-28 10:28:45.587296,LTC-USD,Litecoin USD,137.29,+2.8973%
2021-07-28 10:28:50.000768,LTC-USD,Litecoin USD,137.29,+2.8973%
2021-07-28 10:28:54.414135,LTC-USD,Litecoin USD,137.29,+2.8973%
2021-07-28 10:28:58.402180,LTC-USD,Litecoin USD,137.29,+2.8973%
2021-07-28 10:29:02.770980,LTC-USD,Litecoin USD,137.29,+2.8973%
2021-07-28 10:29:07.375209,LTC-USD,Litecoin USD,137.29,+2.8973%
2021-07-28 10:29:11.798544,LTC-USD,Litecoin USD,137.29,+2.8973%
2021-07-28 10:29:15.971614,LTC-USD,Litecoin USD,137.14,+2.7432%
2021-07-28 10:29:20.254138,LTC-USD,Litecoin USD,137.14,+2.7432%
2021-07-28 10:29:24.602349,LTC-USD,Litecoin USD,137.14,+2.7432%
2021-07-28 10:29:28.707389,LTC-USD,Litecoin USD,137.14,+2.7432%
2021-07-28 10:29:33.167489,LTC-USD,Litecoin USD,137.14,+2.7432%
2021-07-28 10:29:37.726465,LTC-USD,Litecoin USD,137.14,+2.7432%
2021-07-28 10:29:41.953151,LTC-USD,Litecoin USD,137.14,+2.7432%
2021-07-28 10:29:46.343486,LTC-USD,Litecoin USD,137.14,+2.7432%
2021-07-28 10:29:51.091558,LTC-USD,Litecoin USD,137.14,+2.7432%
2021-07-28 10:29:55.338143,LTC-USD,Litecoin USD,137.14,+2.7432%
2021-07-28 10:29:59.651516,LTC-USD,Litecoin USD,137.14,+2.7432%
2021-07-28 10:30:04.433805,LTC-USD,Litecoin USD,137.14,+2.7432%
2021-07-28 10:30:08.718163,LTC-USD,Litecoin USD,137.14,+2.7432%
2021-07-28 10:30:12.695329,LTC-USD,Litecoin USD,137.14,+2.7432%
2021-07-28 10:30:16.700582,LTC-USD,Litecoin USD,137.13,+2.7162%
2021-07-28 10:30:21.224797,LTC-USD,Litecoin USD,137.13,+2.7162%
2021-07-28 10:30:25.495628,LTC-USD,Litecoin USD,137.13,+2.7162%
2021-07-28 10:30:29.890627,LTC-USD,Litecoin USD,137.13,+2.7162%
2021-07-28 10:30:34.031795,LTC-USD,Litecoin USD,137.13,+2.7162%
2021-07-28 10:30:38.619614,LTC-USD,Litecoin USD,137.13,+2.7162%
2021-07-28 10:30:42.635536,LTC-USD,Litecoin USD,137.13,+2.7162%
2021-07-28 10:30:46.941501,LTC-USD,Litecoin USD,137.13,+2.7162%
2021-07-28 10:30:52.028424,LTC-USD,Litecoin USD,137.13,+2.7162%
2021-07-28 10:30:56.647458,LTC-USD,Litecoin USD,137.13,+2.7162%
2021-07-28 10:31:01.072044,LTC-USD,Litecoin USD,137.13,+2.7162%
2021-07-28 10:31:05.628981,LTC-USD,Litecoin USD,137.13,+2.7162%
2021-07-28 10:31:10.238281,LTC-USD,Litecoin USD,137.13,+2.7162%
2021-07-28 10:31:15.474060,LTC-USD,Litecoin USD,137.05,+2.6587%
2021-07-28 10:31:19.848734,LTC-USD,Litecoin USD,137.05,+2.6587%
2021-07-28 10:31:24.276090,LTC-USD,Litecoin USD,137.05,+2.6587%
2021-07-28 10:31:28.902327,LTC-USD,Litecoin USD,137.05,+2.6587%
2021-07-28 10:31:33.830896,LTC-USD,Litecoin USD,137.05,+2.6587%
2021-07-28 10:31:38.399990,LTC-USD,Litecoin USD,137.05,+2.6587%
2021-07-28 10:31:42.763302,LTC-USD,Litecoin USD,137.05,+2.6587%
2021-07-28 10:31:47.546482,LTC-USD,Litecoin USD,137.05,+2.6587%
2021-07-28 10:31:51.948245,LTC-USD,Litecoin USD,137.05,+2.6587%
2021-07-28 10:31:56.489499,LTC-USD,Litecoin USD,137.05,+2.6587%
2021-07-28 10:32:00.760657,LTC-USD,Litecoin USD,137.05,+2.6587%
2021-07-28 10:32:05.913485,LTC-USD,Litecoin USD,137.05,+2.6587%
2021-07-28 10:32:10.217214,LTC-USD,Litecoin USD,137.05,+2.6587%
2021-07-28 10:32:15.326672,LTC-USD,Litecoin USD,137.17,+2.8515%
2021-07-28 10:32:19.799412,LTC-USD,Litecoin USD,137.17,+2.8515%
2021-07-28 10:32:24.034253,LTC-USD,Litecoin USD,137.17,+2.8515%
2021-07-28 10:32:28.701379,LTC-USD,Litecoin USD,137.17,+2.8515%
2021-07-28 10:32:33.171323,LTC-USD,Litecoin USD,137.17,+2.8515%
2021-07-28 10:32:37.376807,LTC-USD,Litecoin USD,137.17,+2.8515%
2021-07-28 10:32:41.567763,LTC-USD,Litecoin USD,137.17,+2.8515%
2021-07-28 10:32:45.607523,LTC-USD,Litecoin USD,137.17,+2.8515%
2021-07-28 10:32:50.292374,LTC-USD,Litecoin USD,137.17,+2.8515%
2021-07-28 10:32:54.806579,LTC-USD,Litecoin USD,137.17,+2.8515%
2021-07-28 10:32:59.214393,LTC-USD,Litecoin USD,137.17,+2.8515%
2021-07-28 10:33:03.646665,LTC-USD,Litecoin USD,137.17,+2.8515%
2021-07-28 10:33:07.978087,LTC-USD,Litecoin USD,137.17,+2.8515%
2021-07-28 10:33:12.098972,LTC-USD,Litecoin USD,137.17,+2.8515%
2021-07-28 10:33:16.294354,LTC-USD,Litecoin USD,137.23,+2.8908%
2021-07-28 10:33:20.515187,LTC-USD,Litecoin USD,137.23,+2.8908%
2021-07-28 10:33:24.646902,LTC-USD,Litecoin USD,137.23,+2.8908%
2021-07-28 10:33:29.099337,LTC-USD,Litecoin USD,137.23,+2.8908%
2021-07-28 10:33:33.955875,LTC-USD,Litecoin USD,137.23,+2.8908%
2021-07-28 10:33:38.565039,LTC-USD,Litecoin USD,137.23,+2.8908%
2021-07-28 10:33:43.185194,LTC-USD,Litecoin USD,137.23,+2.8908%
2021-07-28 10:33:47.972252,LTC-USD,Litecoin USD,137.23,+2.8908%
2021-07-28 10:33:52.494462,LTC-USD,Litecoin USD,137.23,+2.8908%
2021-07-28 10:33:57.163589,LTC-USD,Litecoin USD,137.23,+2.8908%
2021-07-28 10:34:01.666815,LTC-USD,Litecoin USD,137.23,+2.8908%
2021-07-28 10:34:06.506837,LTC-USD,Litecoin USD,137.23,+2.8908%
2021-07-28 10:34:11.473778,LTC-USD,Litecoin USD,137.23,+2.8908%
2021-07-28 10:34:15.810109,LTC-USD,Litecoin USD,136.9,+2.5378%
2021-07-28 10:34:20.375300,LTC-USD,Litecoin USD,136.9,+2.5378%
2021-07-28 10:34:24.657662,LTC-USD,Litecoin USD,136.9,+2.5378%
2021-07-28 10:34:29.321979,LTC-USD,Litecoin USD,136.9,+2.5378%
2021-07-28 10:34:33.966118,LTC-USD,Litecoin USD,136.9,+2.5378%
2021-07-28 10:34:38.301918,LTC-USD,Litecoin USD,136.9,+2.5378%
2021-07-28 10:34:42.929383,LTC-USD,Litecoin USD,136.9,+2.5378%
2021-07-28 10:34:47.398634,LTC-USD,Litecoin USD,136.9,+2.5378%
2021-07-28 10:34:51.905856,LTC-USD,Litecoin USD,136.9,+2.5378%
2021-07-28 10:34:56.486037,LTC-USD,Litecoin USD,136.9,+2.5378%
2021-07-28 10:35:00.792678,LTC-USD,Litecoin USD,136.9,+2.5378%
2021-07-28 10:35:05.126633,LTC-USD,Litecoin USD,136.9,+2.5378%
2021-07-28 10:35:09.433497,LTC-USD,Litecoin USD,136.9,+2.5378%
2021-07-28 10:35:14.374698,LTC-USD,Litecoin USD,136.53,+2.183%
2021-07-28 10:35:18.945526,LTC-USD,Litecoin USD,136.53,+2.183%
2021-07-28 10:35:23.478531,LTC-USD,Litecoin USD,136.53,+2.183%
2021-07-28 10:35:27.868459,LTC-USD,Litecoin USD,136.53,+2.183%
2021-07-28 10:35:31.975862,LTC-USD,Litecoin USD,136.53,+2.183%
2021-07-28 10:35:36.213113,LTC-USD,Litecoin USD,136.53,+2.183%
2021-07-28 10:35:41.015678,LTC-USD,Litecoin USD,136.53,+2.183%
2021-07-28 10:35:45.628320,LTC-USD,Litecoin USD,136.53,+2.183%
2021-07-28 10:35:50.457948,LTC-USD,Litecoin USD,136.53,+2.183%
2021-07-28 10:35:54.638046,LTC-USD,Litecoin USD,136.53,+2.183%
2021-07-28 10:35:58.948477,LTC-USD,Litecoin USD,136.53,+2.183%
2021-07-28 10:36:03.239127,LTC-USD,Litecoin USD,136.53,+2.183%
2021-07-28 10:36:07.434983,LTC-USD,Litecoin USD,136.53,+2.183%
2021-07-28 10:36:11.508058,LTC-USD,Litecoin USD,136.53,+2.183%
2021-07-28 10:36:15.823865,LTC-USD,Litecoin USD,136.77,+2.2008%
2021-07-28 10:36:20.182849,LTC-USD,Litecoin USD,136.77,+2.2008%
2021-07-28 10:36:24.237539,LTC-USD,Litecoin USD,136.77,+2.2008%
2021-07-28 10:36:28.403051,LTC-USD,Litecoin USD,136.77,+2.2008%
2021-07-28 10:36:32.957520,LTC-USD,Litecoin USD,136.77,+2.2008%
2021-07-28 10:36:37.316212,LTC-USD,Litecoin USD,136.77,+2.2008%
2021-07-28 10:36:41.353218,LTC-USD,Litecoin USD,136.77,+2.2008%
2021-07-28 10:36:45.879272,LTC-USD,Litecoin USD,136.77,+2.2008%
2021-07-28 10:36:50.181067,LTC-USD,Litecoin USD,136.77,+2.2008%
2021-07-28 10:36:55.050442,LTC-USD,Litecoin USD,136.77,+2.2008%
2021-07-28 10:36:59.262969,LTC-USD,Litecoin USD,136.77,+2.2008%
2021-07-28 10:37:04.002659,LTC-USD,Litecoin USD,136.77,+2.2008%
2021-07-28 10:37:08.513890,LTC-USD,Litecoin USD,136.77,+2.2008%
2021-07-28 10:37:12.532541,LTC-USD,Litecoin USD,136.77,+2.2008%
2021-07-28 10:37:16.983502,LTC-USD,Litecoin USD,137.04,+2.3461%
2021-07-28 10:37:21.071131,LTC-USD,Litecoin USD,137.04,+2.3461%
2021-07-28 10:37:25.466362,LTC-USD,Litecoin USD,137.04,+2.3461%
2021-07-28 10:37:29.522298,LTC-USD,Litecoin USD,137.04,+2.3461%
2021-07-28 10:37:34.058902,LTC-USD,Litecoin USD,137.04,+2.3461%
2021-07-28 10:37:38.289344,LTC-USD,Litecoin USD,137.04,+2.3461%
2021-07-28 10:37:42.361638,LTC-USD,Litecoin USD,137.04,+2.3461%
2021-07-28 10:37:46.388806,LTC-USD,Litecoin USD,137.04,+2.3461%
2021-07-28 10:37:50.824488,LTC-USD,Litecoin USD,137.04,+2.3461%
2021-07-28 10:37:55.057600,LTC-USD,Litecoin USD,137.04,+2.3461%
2021-07-28 10:38:00.061979,LTC-USD,Litecoin USD,137.04,+2.3461%
2021-07-28 10:38:04.733103,LTC-USD,Litecoin USD,137.04,+2.3461%
2021-07-28 10:38:09.085516,LTC-USD,Litecoin USD,137.04,+2.3461%
2021-07-28 10:38:13.177621,LTC-USD,Litecoin USD,137.04,+2.3461%
2021-07-28 10:38:17.691346,LTC-USD,Litecoin USD,137.04,+2.294%
2021-07-28 10:38:21.838553,LTC-USD,Litecoin USD,137.04,+2.294%
2021-07-28 10:38:26.576262,LTC-USD,Litecoin USD,137.04,+2.294%
2021-07-28 10:38:31.344326,LTC-USD,Litecoin USD,137.04,+2.294%
2021-07-28 10:38:35.756433,LTC-USD,Litecoin USD,137.04,+2.294%
2021-07-28 10:38:40.018618,LTC-USD,Litecoin USD,137.04,+2.294%
2021-07-28 10:38:44.251953,LTC-USD,Litecoin USD,137.04,+2.294%
2021-07-28 10:38:48.404082,LTC-USD,Litecoin USD,137.04,+2.294%
2021-07-28 10:38:52.524991,LTC-USD,Litecoin USD,137.04,+2.294%
2021-07-28 10:38:56.909739,LTC-USD,Litecoin USD,137.04,+2.294%
2021-07-28 10:39:01.259370,LTC-USD,Litecoin USD,137.04,+2.294%
2021-07-28 10:39:05.783067,LTC-USD,Litecoin USD,137.04,+2.294%
2021-07-28 10:39:10.574193,LTC-USD,Litecoin USD,137.04,+2.294%
2021-07-28 10:39:15.048181,LTC-USD,Litecoin USD,137.03,+2.2084%
2021-07-28 10:39:19.389759,LTC-USD,Litecoin USD,137.03,+2.2084%
2021-07-28 10:39:23.669478,LTC-USD,Litecoin USD,137.03,+2.2084%
2021-07-28 10:39:28.261380,LTC-USD,Litecoin USD,137.03,+2.2084%
2021-07-28 10:39:32.619764,LTC-USD,Litecoin USD,137.03,+2.2084%
2021-07-28 10:39:36.988616,LTC-USD,Litecoin USD,137.03,+2.2084%
2021-07-28 10:39:41.176215,LTC-USD,Litecoin USD,137.03,+2.2084%
2021-07-28 10:39:45.680908,LTC-USD,Litecoin USD,137.03,+2.2084%
2021-07-28 10:39:49.634204,LTC-USD,Litecoin USD,137.03,+2.2084%
2021-07-28 10:39:54.288608,LTC-USD,Litecoin USD,137.03,+2.2084%
2021-07-28 10:39:59.247627,LTC-USD,Litecoin USD,137.03,+2.2084%
2021-07-28 10:40:03.790831,LTC-USD,Litecoin USD,137.03,+2.2084%
2021-07-28 10:40:08.282064,LTC-USD,Litecoin USD,137.03,+2.2084%
2021-07-28 10:40:12.748302,LTC-USD,Litecoin USD,137.03,+2.2084%
2021-07-28 10:40:17.018994,LTC-USD,Litecoin USD,137.13,+2.309%
2021-07-28 10:40:20.961524,LTC-USD,Litecoin USD,137.13,+2.309%
2021-07-28 10:40:25.510724,LTC-USD,Litecoin USD,137.13,+2.309%
2021-07-28 10:40:30.122883,LTC-USD,Litecoin USD,137.13,+2.309%
2021-07-28 10:40:34.646692,LTC-USD,Litecoin USD,137.13,+2.309%
2021-07-28 10:40:38.795299,LTC-USD,Litecoin USD,137.13,+2.309%
2021-07-28 10:40:43.436637,LTC-USD,Litecoin USD,137.13,+2.309%
2021-07-28 10:40:47.881803,LTC-USD,Litecoin USD,137.13,+2.309%
2021-07-28 10:40:52.149529,LTC-USD,Litecoin USD,137.13,+2.309%
2021-07-28 10:40:56.390428,LTC-USD,Litecoin USD,137.13,+2.309%
2021-07-28 10:41:00.876857,LTC-USD,Litecoin USD,137.13,+2.309%
2021-07-28 10:41:05.392076,LTC-USD,Litecoin USD,137.13,+2.309%
2021-07-28 10:41:09.561581,LTC-USD,Litecoin USD,137.13,+2.309%
2021-07-28 10:41:14.480438,LTC-USD,Litecoin USD,137.11,+2.3114%
2021-07-28 10:41:18.550019,LTC-USD,Litecoin USD,137.11,+2.3114%
2021-07-28 10:41:22.698223,LTC-USD,Litecoin USD,137.11,+2.3114%
2021-07-28 10:41:26.750952,LTC-USD,Litecoin USD,137.11,+2.3114%
2021-07-28 10:41:31.141456,LTC-USD,Litecoin USD,137.11,+2.3114%
2021-07-28 10:41:35.604739,LTC-USD,Litecoin USD,137.11,+2.3114%
2021-07-28 10:41:40.584717,LTC-USD,Litecoin USD,137.11,+2.3114%
2021-07-28 10:41:45.252498,LTC-USD,Litecoin USD,137.11,+2.3114%
2021-07-28 10:41:49.778711,LTC-USD,Litecoin USD,137.11,+2.3114%
2021-07-28 10:41:54.269525,LTC-USD,Litecoin USD,137.11,+2.3114%
2021-07-28 10:41:58.773293,LTC-USD,Litecoin USD,137.11,+2.3114%
2021-07-28 10:42:03.015415,LTC-USD,Litecoin USD,137.11,+2.3114%
2021-07-28 10:42:07.313472,LTC-USD,Litecoin USD,137.11,+2.3114%
2021-07-28 10:42:11.734157,LTC-USD,Litecoin USD,137.11,+2.3114%
2021-07-28 10:42:16.160427,LTC-USD,Litecoin USD,137.1,+2.2866%
2021-07-28 10:42:20.606419,LTC-USD,Litecoin USD,137.1,+2.2866%
2021-07-28 10:42:24.589839,LTC-USD,Litecoin USD,137.1,+2.2866%
2021-07-28 10:42:29.545113,LTC-USD,Litecoin USD,137.1,+2.2866%
2021-07-28 10:42:33.772204,LTC-USD,Litecoin USD,137.1,+2.2866%
2021-07-28 10:42:38.173334,LTC-USD,Litecoin USD,137.1,+2.2866%
2021-07-28 10:42:43.032121,LTC-USD,Litecoin USD,137.1,+2.2866%
2021-07-28 10:42:47.225610,LTC-USD,Litecoin USD,137.1,+2.2866%
2021-07-28 10:42:51.626856,LTC-USD,Litecoin USD,137.1,+2.2866%
2021-07-28 10:42:55.799909,LTC-USD,Litecoin USD,137.1,+2.2866%
2021-07-28 10:43:00.158848,LTC-USD,Litecoin USD,137.1,+2.2866%
2021-07-28 10:43:04.580125,LTC-USD,Litecoin USD,137.1,+2.2866%
2021-07-28 10:43:08.714969,LTC-USD,Litecoin USD,137.1,+2.2866%
2021-07-28 10:43:12.755054,LTC-USD,Litecoin USD,137.1,+2.2866%
2021-07-28 10:43:17.181293,LTC-USD,Litecoin USD,137.12,+2.2964%
2021-07-28 10:43:21.758526,LTC-USD,Litecoin USD,137.12,+2.2964%
2021-07-28 10:43:26.526523,LTC-USD,Litecoin USD,137.12,+2.2964%
2021-07-28 10:43:30.959476,LTC-USD,Litecoin USD,137.12,+2.2964%
2021-07-28 10:43:35.350284,LTC-USD,Litecoin USD,137.12,+2.2964%
2021-07-28 10:43:39.728407,LTC-USD,Litecoin USD,137.12,+2.2964%
2021-07-28 10:43:44.389695,LTC-USD,Litecoin USD,137.12,+2.2964%
2021-07-28 10:43:48.775117,LTC-USD,Litecoin USD,137.12,+2.2964%
2021-07-28 10:43:53.036852,LTC-USD,Litecoin USD,137.12,+2.2964%
2021-07-28 10:43:57.898858,LTC-USD,Litecoin USD,137.12,+2.2964%
2021-07-28 10:44:02.446059,LTC-USD,Litecoin USD,137.12,+2.2964%
2021-07-28 10:44:06.695443,LTC-USD,Litecoin USD,137.12,+2.2964%
2021-07-28 10:44:11.166689,LTC-USD,Litecoin USD,137.12,+2.2964%
2021-07-28 10:44:15.696900,LTC-USD,Litecoin USD,137.18,+2.3581%
2021-07-28 10:44:21.565288,LTC-USD,Litecoin USD,137.18,+2.3581%
2021-07-28 10:44:26.182445,LTC-USD,Litecoin USD,137.18,+2.3581%
2021-07-28 10:44:30.622597,LTC-USD,Litecoin USD,137.18,+2.3581%
2021-07-28 10:44:35.125459,LTC-USD,Litecoin USD,137.18,+2.3581%
2021-07-28 10:44:39.204381,LTC-USD,Litecoin USD,137.18,+2.3581%
2021-07-28 10:44:43.351864,LTC-USD,Litecoin USD,137.18,+2.3581%
2021-07-28 10:44:47.561104,LTC-USD,Litecoin USD,137.18,+2.3581%
2021-07-28 10:44:51.770043,LTC-USD,Litecoin USD,137.18,+2.3581%
2021-07-28 10:44:55.915016,LTC-USD,Litecoin USD,137.18,+2.3581%
2021-07-28 10:44:59.934451,LTC-USD,Litecoin USD,137.18,+2.3581%
2021-07-28 10:45:04.375012,LTC-USD,Litecoin USD,137.18,+2.3581%
2021-07-28 10:45:08.469835,LTC-USD,Litecoin USD,137.18,+2.3581%
2021-07-28 10:45:12.552939,LTC-USD,Litecoin USD,137.18,+2.3581%
2021-07-28 10:45:16.900301,LTC-USD,Litecoin USD,137.03,+2.248%
2021-07-28 10:45:21.437534,LTC-USD,Litecoin USD,137.03,+2.248%
2021-07-28 10:45:25.629784,LTC-USD,Litecoin USD,137.03,+2.248%
2021-07-28 10:45:29.766643,LTC-USD,Litecoin USD,137.03,+2.248%
2021-07-28 10:45:33.781204,LTC-USD,Litecoin USD,137.03,+2.248%
2021-07-28 10:45:37.899016,LTC-USD,Litecoin USD,137.03,+2.248%
2021-07-28 10:45:42.387967,LTC-USD,Litecoin USD,137.03,+2.248%
2021-07-28 10:45:46.548439,LTC-USD,Litecoin USD,137.03,+2.248%
2021-07-28 10:45:51.197667,LTC-USD,Litecoin USD,137.03,+2.248%
2021-07-28 10:45:56.034905,LTC-USD,Litecoin USD,137.03,+2.248%
2021-07-28 10:46:00.243117,LTC-USD,Litecoin USD,137.03,+2.248%
2021-07-28 10:46:04.930230,LTC-USD,Litecoin USD,137.03,+2.248%
2021-07-28 10:46:08.994289,LTC-USD,Litecoin USD,137.03,+2.248%
2021-07-28 10:46:13.094552,LTC-USD,Litecoin USD,137.03,+2.248%
2021-07-28 10:46:17.185802,LTC-USD,Litecoin USD,136.91,+2.1491%
2021-07-28 10:46:21.375977,LTC-USD,Litecoin USD,136.91,+2.1491%
2021-07-28 10:46:25.391472,LTC-USD,Litecoin USD,136.91,+2.1491%
2021-07-28 10:46:29.510276,LTC-USD,Litecoin USD,136.91,+2.1491%
2021-07-28 10:46:33.598317,LTC-USD,Litecoin USD,136.91,+2.1491%
2021-07-28 10:46:37.660330,LTC-USD,Litecoin USD,136.91,+2.1491%
2021-07-28 10:46:41.742858,LTC-USD,Litecoin USD,136.91,+2.1491%
2021-07-28 10:46:45.933533,LTC-USD,Litecoin USD,136.91,+2.1491%
2021-07-28 10:46:50.185961,LTC-USD,Litecoin USD,136.91,+2.1491%
2021-07-28 10:46:54.275958,LTC-USD,Litecoin USD,136.91,+2.1491%
2021-07-28 10:46:58.325041,LTC-USD,Litecoin USD,136.91,+2.1491%
2021-07-28 10:47:03.560030,LTC-USD,Litecoin USD,136.91,+2.1491%
2021-07-28 10:47:08.080462,LTC-USD,Litecoin USD,136.91,+2.1491%
2021-07-28 10:47:12.509157,LTC-USD,Litecoin USD,136.91,+2.1491%
2021-07-28 10:47:17.560048,LTC-USD,Litecoin USD,136.73,+1.991%
2021-07-28 10:47:22.428957,LTC-USD,Litecoin USD,136.73,+1.991%
2021-07-28 10:47:27.830313,LTC-USD,Litecoin USD,136.73,+1.991%
2021-07-28 10:47:32.499695,LTC-USD,Litecoin USD,136.73,+1.991%
2021-07-28 10:47:37.324465,LTC-USD,Litecoin USD,136.73,+1.991%
2021-07-28 10:47:42.118549,LTC-USD,Litecoin USD,136.73,+1.991%
2021-07-28 10:47:46.625771,LTC-USD,Litecoin USD,136.73,+1.991%
2021-07-28 10:47:51.236637,LTC-USD,Litecoin USD,136.73,+1.991%
2021-07-28 10:47:56.770229,LTC-USD,Litecoin USD,136.73,+1.991%
2021-07-28 10:48:02.481712,LTC-USD,Litecoin USD,136.73,+1.991%
2021-07-28 10:48:06.972948,LTC-USD,Litecoin USD,136.73,+1.991%
2021-07-28 10:48:11.419042,LTC-USD,Litecoin USD,136.73,+1.991%
2021-07-28 10:48:15.433925,LTC-USD,Litecoin USD,136.51,+1.7741%
2021-07-28 10:48:19.572011,LTC-USD,Litecoin USD,136.51,+1.7741%
2021-07-28 10:48:23.796474,LTC-USD,Litecoin USD,136.51,+1.7741%
2021-07-28 10:48:28.026405,LTC-USD,Litecoin USD,136.51,+1.7741%
2021-07-28 10:48:32.169649,LTC-USD,Litecoin USD,136.51,+1.7741%
2021-07-28 10:48:36.454925,LTC-USD,Litecoin USD,136.51,+1.7741%
2021-07-28 10:48:40.493112,LTC-USD,Litecoin USD,136.51,+1.7741%
2021-07-28 10:48:44.562491,LTC-USD,Litecoin USD,136.51,+1.7741%
2021-07-28 10:48:48.566311,LTC-USD,Litecoin USD,136.51,+1.7741%
2021-07-28 10:48:52.700767,LTC-USD,Litecoin USD,136.51,+1.7741%
2021-07-28 10:48:56.841756,LTC-USD,Litecoin USD,136.51,+1.7741%
2021-07-28 10:49:01.007754,LTC-USD,Litecoin USD,136.51,+1.7741%
2021-07-28 10:49:05.239148,LTC-USD,Litecoin USD,136.51,+1.7741%
2021-07-28 10:49:09.472529,LTC-USD,Litecoin USD,136.51,+1.7741%
2021-07-28 10:49:13.529259,LTC-USD,Litecoin USD,136.51,+1.7741%
2021-07-28 10:49:18.181678,LTC-USD,Litecoin USD,136.56,+1.8346%
2021-07-28 10:49:22.436582,LTC-USD,Litecoin USD,136.56,+1.8346%
2021-07-28 10:49:26.909984,LTC-USD,Litecoin USD,136.56,+1.8346%
2021-07-28 10:49:31.062289,LTC-USD,Litecoin USD,136.56,+1.8346%
2021-07-28 10:49:35.700337,LTC-USD,Litecoin USD,136.56,+1.8346%
2021-07-28 10:49:40.034152,LTC-USD,Litecoin USD,136.56,+1.8346%
2021-07-28 10:49:44.081038,LTC-USD,Litecoin USD,136.56,+1.8346%
2021-07-28 10:49:48.095259,LTC-USD,Litecoin USD,136.56,+1.8346%
2021-07-28 10:49:52.201821,LTC-USD,Litecoin USD,136.56,+1.8346%
2021-07-28 10:49:56.565942,LTC-USD,Litecoin USD,136.56,+1.8346%
2021-07-28 10:50:00.673003,LTC-USD,Litecoin USD,136.56,+1.8346%
2021-07-28 10:50:04.789044,LTC-USD,Litecoin USD,136.56,+1.8346%
2021-07-28 10:50:08.827431,LTC-USD,Litecoin USD,136.56,+1.8346%
2021-07-28 10:50:12.903028,LTC-USD,Litecoin USD,136.56,+1.8346%
2021-07-28 10:50:17.230467,LTC-USD,Litecoin USD,136.45,+1.7713%
2021-07-28 10:50:21.633579,LTC-USD,Litecoin USD,136.45,+1.7713%
2021-07-28 10:50:25.833983,LTC-USD,Litecoin USD,136.45,+1.7713%
2021-07-28 10:50:29.966366,LTC-USD,Litecoin USD,136.45,+1.7713%
2021-07-28 10:50:34.106582,LTC-USD,Litecoin USD,136.45,+1.7713%
2021-07-28 10:50:38.228045,LTC-USD,Litecoin USD,136.45,+1.7713%
2021-07-28 10:50:42.340455,LTC-USD,Litecoin USD,136.45,+1.7713%
2021-07-28 10:50:46.612090,LTC-USD,Litecoin USD,136.45,+1.7713%
2021-07-28 10:50:50.782053,LTC-USD,Litecoin USD,136.45,+1.7713%
2021-07-28 10:50:54.932429,LTC-USD,Litecoin USD,136.45,+1.7713%
2021-07-28 10:50:59.027964,LTC-USD,Litecoin USD,136.45,+1.7713%
2021-07-28 10:51:03.192889,LTC-USD,Litecoin USD,136.45,+1.7713%
2021-07-28 10:51:07.292323,LTC-USD,Litecoin USD,136.45,+1.7713%
2021-07-28 10:51:11.680008,LTC-USD,Litecoin USD,136.45,+1.7713%
2021-07-28 10:51:15.715337,LTC-USD,Litecoin USD,136.49,+1.7941%
2021-07-28 10:51:19.870084,LTC-USD,Litecoin USD,136.49,+1.7941%
2021-07-28 10:51:23.904124,LTC-USD,Litecoin USD,136.49,+1.7941%
2021-07-28 10:51:27.966947,LTC-USD,Litecoin USD,136.49,+1.7941%
2021-07-28 10:51:32.140814,LTC-USD,Litecoin USD,136.49,+1.7941%
2021-07-28 10:51:36.265721,LTC-USD,Litecoin USD,136.49,+1.7941%
2021-07-28 10:51:40.402900,LTC-USD,Litecoin USD,136.49,+1.7941%
2021-07-28 10:51:44.584527,LTC-USD,Litecoin USD,136.49,+1.7941%
2021-07-28 10:51:48.639986,LTC-USD,Litecoin USD,136.49,+1.7941%
2021-07-28 10:51:52.718261,LTC-USD,Litecoin USD,136.49,+1.7941%
2021-07-28 10:51:56.979529,LTC-USD,Litecoin USD,136.49,+1.7941%
2021-07-28 10:52:01.316456,LTC-USD,Litecoin USD,136.49,+1.7941%
2021-07-28 10:52:05.456908,LTC-USD,Litecoin USD,136.49,+1.7941%
2021-07-28 10:52:09.569639,LTC-USD,Litecoin USD,136.49,+1.7941%
2021-07-28 10:52:13.749160,LTC-USD,Litecoin USD,136.68,+1.894%
2021-07-28 10:52:18.118569,LTC-USD,Litecoin USD,136.68,+1.894%
2021-07-28 10:52:22.751391,LTC-USD,Litecoin USD,136.68,+1.894%
2021-07-28 10:52:27.281617,LTC-USD,Litecoin USD,136.68,+1.894%
2021-07-28 10:52:31.795575,LTC-USD,Litecoin USD,136.68,+1.894%
2021-07-28 10:52:36.557985,LTC-USD,Litecoin USD,136.68,+1.894%
2021-07-28 10:52:40.998502,LTC-USD,Litecoin USD,136.68,+1.894%
2021-07-28 10:52:45.186559,LTC-USD,Litecoin USD,136.68,+1.894%
2021-07-28 10:52:49.322130,LTC-USD,Litecoin USD,136.68,+1.894%
2021-07-28 10:52:53.693440,LTC-USD,Litecoin USD,136.68,+1.894%
2021-07-28 10:52:57.899908,LTC-USD,Litecoin USD,136.68,+1.894%
2021-07-28 10:53:02.190830,LTC-USD,Litecoin USD,136.68,+1.894%
2021-07-28 10:53:06.631096,LTC-USD,Litecoin USD,136.68,+1.894%
2021-07-28 10:53:10.789544,LTC-USD,Litecoin USD,136.68,+1.894%
2021-07-28 10:53:15.150197,LTC-USD,Litecoin USD,136.87,+1.9939%
2021-07-28 10:53:19.227234,LTC-USD,Litecoin USD,136.87,+1.9939%
2021-07-28 10:53:23.790306,LTC-USD,Litecoin USD,136.87,+1.9939%
2021-07-28 10:53:27.936645,LTC-USD,Litecoin USD,136.87,+1.9939%
2021-07-28 10:53:32.222512,LTC-USD,Litecoin USD,136.87,+1.9939%
2021-07-28 10:53:36.538963,LTC-USD,Litecoin USD,136.87,+1.9939%
2021-07-28 10:53:40.958242,LTC-USD,Litecoin USD,136.87,+1.9939%
2021-07-28 10:53:45.428491,LTC-USD,Litecoin USD,136.87,+1.9939%
2021-07-28 10:53:51.477544,LTC-USD,Litecoin USD,136.87,+1.9939%
2021-07-28 10:53:56.051155,LTC-USD,Litecoin USD,136.87,+1.9939%
2021-07-28 10:54:01.090051,LTC-USD,Litecoin USD,136.87,+1.9939%
2021-07-28 10:54:06.440650,LTC-USD,Litecoin USD,136.87,+1.9939%
2021-07-28 10:54:13.667709,LTC-USD,Litecoin USD,136.89,+2.1489%
2021-07-28 10:54:18.714602,LTC-USD,Litecoin USD,136.89,+2.1489%
2021-07-28 10:54:23.466685,LTC-USD,Litecoin USD,136.89,+2.1489%
2021-07-28 10:54:27.900948,LTC-USD,Litecoin USD,136.89,+2.1489%
2021-07-28 10:54:32.397180,LTC-USD,Litecoin USD,136.89,+2.1489%
2021-07-28 10:54:36.889413,LTC-USD,Litecoin USD,136.89,+2.1489%
2021-07-28 10:54:41.511567,LTC-USD,Litecoin USD,136.89,+2.1489%
2021-07-28 10:54:46.462532,LTC-USD,Litecoin USD,136.89,+2.1489%
2021-07-28 10:54:51.070395,LTC-USD,Litecoin USD,136.89,+2.1489%
2021-07-28 10:54:55.303790,LTC-USD,Litecoin USD,136.89,+2.1489%
2021-07-28 10:54:59.656110,LTC-USD,Litecoin USD,136.89,+2.1489%
2021-07-28 10:55:04.206307,LTC-USD,Litecoin USD,136.89,+2.1489%
2021-07-28 10:55:08.550583,LTC-USD,Litecoin USD,136.89,+2.1489%
2021-07-28 10:55:12.656390,LTC-USD,Litecoin USD,136.89,+2.1489%
2021-07-28 10:55:16.879459,LTC-USD,Litecoin USD,136.9,+2.2981%
2021-07-28 10:55:21.002009,LTC-USD,Litecoin USD,136.9,+2.2981%
2021-07-28 10:55:25.283793,LTC-USD,Litecoin USD,136.9,+2.2981%
2021-07-28 10:55:30.180375,LTC-USD,Litecoin USD,136.9,+2.2981%
2021-07-28 10:55:34.492591,LTC-USD,Litecoin USD,136.9,+2.2981%
2021-07-28 10:55:38.711619,LTC-USD,Litecoin USD,136.9,+2.2981%
2021-07-28 10:55:43.109605,LTC-USD,Litecoin USD,136.9,+2.2981%
2021-07-28 10:55:47.435787,LTC-USD,Litecoin USD,136.9,+2.2981%
2021-07-28 10:55:51.512076,LTC-USD,Litecoin USD,136.9,+2.2981%
2021-07-28 10:55:55.674371,LTC-USD,Litecoin USD,136.9,+2.2981%
2021-07-28 10:55:59.997864,LTC-USD,Litecoin USD,136.9,+2.2981%
2021-07-28 10:56:04.358886,LTC-USD,Litecoin USD,136.9,+2.2981%
2021-07-28 10:56:08.688132,LTC-USD,Litecoin USD,136.9,+2.2981%
2021-07-28 10:56:12.877563,LTC-USD,Litecoin USD,136.9,+2.2981%
2021-07-28 10:56:17.145123,LTC-USD,Litecoin USD,136.95,+2.2986%
2021-07-28 10:56:21.223612,LTC-USD,Litecoin USD,136.95,+2.2986%
2021-07-28 10:56:25.399513,LTC-USD,Litecoin USD,136.95,+2.2986%
2021-07-28 10:56:29.448850,LTC-USD,Litecoin USD,136.95,+2.2986%
2021-07-28 10:56:33.543654,LTC-USD,Litecoin USD,136.95,+2.2986%
2021-07-28 10:56:38.022102,LTC-USD,Litecoin USD,136.95,+2.2986%
2021-07-28 10:56:42.301925,LTC-USD,Litecoin USD,136.95,+2.2986%
2021-07-28 10:56:46.538213,LTC-USD,Litecoin USD,136.95,+2.2986%
2021-07-28 10:56:50.853553,LTC-USD,Litecoin USD,136.95,+2.2986%
2021-07-28 10:56:55.037980,LTC-USD,Litecoin USD,136.95,+2.2986%
2021-07-28 10:56:59.195417,LTC-USD,Litecoin USD,136.95,+2.2986%
2021-07-28 10:57:03.466983,LTC-USD,Litecoin USD,136.95,+2.2986%
2021-07-28 10:57:07.829101,LTC-USD,Litecoin USD,136.95,+2.2986%
2021-07-28 10:57:12.016523,LTC-USD,Litecoin USD,136.95,+2.2986%
2021-07-28 10:57:16.231956,LTC-USD,Litecoin USD,136.73,+2.0583%
2021-07-28 10:57:20.316964,LTC-USD,Litecoin USD,136.73,+2.0583%
2021-07-28 10:57:24.413632,LTC-USD,Litecoin USD,136.73,+2.0583%
2021-07-28 10:57:28.580918,LTC-USD,Litecoin USD,136.73,+2.0583%
2021-07-28 10:57:32.933493,LTC-USD,Litecoin USD,136.73,+2.0583%
2021-07-28 10:57:37.278991,LTC-USD,Litecoin USD,136.73,+2.0583%
2021-07-28 10:57:41.719143,LTC-USD,Litecoin USD,136.73,+2.0583%
2021-07-28 10:57:45.799479,LTC-USD,Litecoin USD,136.73,+2.0583%
2021-07-28 10:57:50.047442,LTC-USD,Litecoin USD,136.73,+2.0583%
2021-07-28 10:57:54.189978,LTC-USD,Litecoin USD,136.73,+2.0583%
2021-07-28 10:57:58.317471,LTC-USD,Litecoin USD,136.73,+2.0583%
2021-07-28 10:58:02.940981,LTC-USD,Litecoin USD,136.73,+2.0583%
2021-07-28 10:58:07.149605,LTC-USD,Litecoin USD,136.73,+2.0583%
2021-07-28 10:58:11.356616,LTC-USD,Litecoin USD,136.73,+2.0583%
2021-07-28 10:58:15.501422,LTC-USD,Litecoin USD,136.81,+2.0752%
2021-07-28 10:58:19.699965,LTC-USD,Litecoin USD,136.81,+2.0752%
2021-07-28 10:58:23.954112,LTC-USD,Litecoin USD,136.81,+2.0752%
2021-07-28 10:58:28.018968,LTC-USD,Litecoin USD,136.81,+2.0752%
2021-07-28 10:58:32.241235,LTC-USD,Litecoin USD,136.81,+2.0752%
2021-07-28 10:58:36.370911,LTC-USD,Litecoin USD,136.81,+2.0752%
2021-07-28 10:58:40.390821,LTC-USD,Litecoin USD,136.81,+2.0752%
2021-07-28 10:58:44.507902,LTC-USD,Litecoin USD,136.81,+2.0752%
2021-07-28 10:58:48.988625,LTC-USD,Litecoin USD,136.81,+2.0752%
2021-07-28 10:58:53.296372,LTC-USD,Litecoin USD,136.81,+2.0752%
2021-07-28 10:58:57.559738,LTC-USD,Litecoin USD,136.81,+2.0752%
2021-07-28 10:59:01.965357,LTC-USD,Litecoin USD,136.81,+2.0752%
2021-07-28 10:59:06.264467,LTC-USD,Litecoin USD,136.81,+2.0752%
2021-07-28 10:59:10.290759,LTC-USD,Litecoin USD,136.81,+2.0752%
2021-07-28 10:59:14.845883,LTC-USD,Litecoin USD,136.6,+1.9575%
2021-07-28 10:59:18.961467,LTC-USD,Litecoin USD,136.6,+1.9575%
2021-07-28 10:59:23.270271,LTC-USD,Litecoin USD,136.6,+1.9575%
2021-07-28 10:59:27.438235,LTC-USD,Litecoin USD,136.6,+1.9575%
2021-07-28 10:59:31.610980,LTC-USD,Litecoin USD,136.6,+1.9575%
2021-07-28 10:59:35.806394,LTC-USD,Litecoin USD,136.6,+1.9575%
2021-07-28 10:59:40.010889,LTC-USD,Litecoin USD,136.6,+1.9575%
2021-07-28 10:59:44.116462,LTC-USD,Litecoin USD,136.6,+1.9575%
2021-07-28 10:59:48.261460,LTC-USD,Litecoin USD,136.6,+1.9575%
2021-07-28 10:59:52.496013,LTC-USD,Litecoin USD,136.6,+1.9575%
2021-07-28 10:59:56.800057,LTC-USD,Litecoin USD,136.6,+1.9575%
2021-07-28 11:00:00.935874,LTC-USD,Litecoin USD,136.6,+1.9575%
2021-07-28 11:00:05.142068,LTC-USD,Litecoin USD,136.6,+1.9575%
2021-07-28 11:00:09.475891,LTC-USD,Litecoin USD,136.6,+1.9575%
2021-07-28 11:00:13.697762,LTC-USD,Litecoin USD,136.6,+1.9575%
2021-07-28 11:00:18.244631,LTC-USD,Litecoin USD,136.83,+2.1566%
2021-07-28 11:00:22.416032,LTC-USD,Litecoin USD,136.83,+2.1566%
2021-07-28 11:00:26.738804,LTC-USD,Litecoin USD,136.83,+2.1566%
2021-07-28 11:00:30.730519,LTC-USD,Litecoin USD,136.83,+2.1566%
2021-07-28 11:00:34.955393,LTC-USD,Litecoin USD,136.83,+2.1566%
2021-07-28 11:00:39.032971,LTC-USD,Litecoin USD,136.83,+2.1566%
2021-07-28 11:00:43.191231,LTC-USD,Litecoin USD,136.83,+2.1566%
2021-07-28 11:00:47.447552,LTC-USD,Litecoin USD,136.83,+2.1566%
2021-07-28 11:00:51.675948,LTC-USD,Litecoin USD,136.83,+2.1566%
2021-07-28 11:00:55.880379,LTC-USD,Litecoin USD,136.83,+2.1566%
2021-07-28 11:01:00.418584,LTC-USD,Litecoin USD,136.83,+2.1566%
2021-07-28 11:01:04.651978,LTC-USD,Litecoin USD,136.83,+2.1566%
2021-07-28 11:01:08.868987,LTC-USD,Litecoin USD,136.83,+2.1566%
2021-07-28 11:01:13.101530,LTC-USD,Litecoin USD,136.83,+2.1566%
2021-07-28 11:01:17.268769,LTC-USD,Litecoin USD,136.95,+2.268%
2021-07-28 11:01:21.632818,LTC-USD,Litecoin USD,136.95,+2.268%
2021-07-28 11:01:25.787515,LTC-USD,Litecoin USD,136.95,+2.268%
2021-07-28 11:01:29.855888,LTC-USD,Litecoin USD,136.95,+2.268%
2021-07-28 11:01:34.049994,LTC-USD,Litecoin USD,136.95,+2.268%
2021-07-28 11:01:38.317365,LTC-USD,Litecoin USD,136.95,+2.268%
2021-07-28 11:01:42.761976,LTC-USD,Litecoin USD,136.95,+2.268%
2021-07-28 11:01:47.123290,LTC-USD,Litecoin USD,136.95,+2.268%
2021-07-28 11:01:51.672490,LTC-USD,Litecoin USD,136.95,+2.268%
2021-07-28 11:01:56.106762,LTC-USD,Litecoin USD,136.95,+2.268%
2021-07-28 11:02:00.531035,LTC-USD,Litecoin USD,136.95,+2.268%
2021-07-28 11:02:05.122211,LTC-USD,Litecoin USD,136.95,+2.268%
2021-07-28 11:02:09.757355,LTC-USD,Litecoin USD,136.95,+2.268%
2021-07-28 11:02:14.359525,LTC-USD,Litecoin USD,136.73,+1.7393%
2021-07-28 11:02:18.879741,LTC-USD,Litecoin USD,136.73,+1.7393%
2021-07-28 11:02:23.387964,LTC-USD,Litecoin USD,136.73,+1.7393%
2021-07-28 11:02:27.791254,LTC-USD,Litecoin USD,136.73,+1.7393%
2021-07-28 11:02:32.281488,LTC-USD,Litecoin USD,136.73,+1.7393%
2021-07-28 11:02:36.790713,LTC-USD,Litecoin USD,136.73,+1.7393%
2021-07-28 11:02:41.176014,LTC-USD,Litecoin USD,136.73,+1.7393%
2021-07-28 11:02:45.381898,LTC-USD,Litecoin USD,136.73,+1.7393%
2021-07-28 11:02:49.417860,LTC-USD,Litecoin USD,136.73,+1.7393%
2021-07-28 11:02:53.620852,LTC-USD,Litecoin USD,136.73,+1.7393%
2021-07-28 11:02:57.911091,LTC-USD,Litecoin USD,136.73,+1.7393%
2021-07-28 11:03:02.424559,LTC-USD,Litecoin USD,136.73,+1.7393%
2021-07-28 11:03:06.578062,LTC-USD,Litecoin USD,136.73,+1.7393%
2021-07-28 11:03:10.594993,LTC-USD,Litecoin USD,136.73,+1.7393%
2021-07-28 11:03:15.037299,LTC-USD,Litecoin USD,136.67,+1.8408%
2021-07-28 11:03:19.073142,LTC-USD,Litecoin USD,136.67,+1.8408%
2021-07-28 11:03:23.367789,LTC-USD,Litecoin USD,136.67,+1.8408%
2021-07-28 11:03:27.521201,LTC-USD,Litecoin USD,136.67,+1.8408%
2021-07-28 11:03:31.603682,LTC-USD,Litecoin USD,136.67,+1.8408%
2021-07-28 11:03:35.899214,LTC-USD,Litecoin USD,136.67,+1.8408%
2021-07-28 11:03:40.331888,LTC-USD,Litecoin USD,136.67,+1.8408%
2021-07-28 11:03:44.894078,LTC-USD,Litecoin USD,136.67,+1.8408%
2021-07-28 11:03:49.344340,LTC-USD,Litecoin USD,136.67,+1.8408%
2021-07-28 11:03:53.865555,LTC-USD,Litecoin USD,136.67,+1.8408%
2021-07-28 11:03:58.409760,LTC-USD,Litecoin USD,136.67,+1.8408%
2021-07-28 11:04:02.844027,LTC-USD,Litecoin USD,136.67,+1.8408%
2021-07-28 11:04:07.201345,LTC-USD,Litecoin USD,136.67,+1.8408%
2021-07-28 11:04:11.623469,LTC-USD,Litecoin USD,136.67,+1.8408%
2021-07-28 11:04:15.891843,LTC-USD,Litecoin USD,136.61,+2.0543%
2021-07-28 11:04:20.207273,LTC-USD,Litecoin USD,136.61,+2.0543%
2021-07-28 11:04:24.519368,LTC-USD,Litecoin USD,136.61,+2.0543%
2021-07-28 11:04:28.768122,LTC-USD,Litecoin USD,136.61,+2.0543%
2021-07-28 11:04:33.154446,LTC-USD,Litecoin USD,136.61,+2.0543%
2021-07-28 11:04:37.242981,LTC-USD,Litecoin USD,136.61,+2.0543%
2021-07-28 11:04:41.444679,LTC-USD,Litecoin USD,136.61,+2.0543%
2021-07-28 11:04:45.457047,LTC-USD,Litecoin USD,136.61,+2.0543%
2021-07-28 11:04:49.532755,LTC-USD,Litecoin USD,136.61,+2.0543%
2021-07-28 11:04:53.805402,LTC-USD,Litecoin USD,136.61,+2.0543%
2021-07-28 11:04:58.072775,LTC-USD,Litecoin USD,136.61,+2.0543%
2021-07-28 11:05:02.359137,LTC-USD,Litecoin USD,136.61,+2.0543%
2021-07-28 11:05:06.529183,LTC-USD,Litecoin USD,136.61,+2.0543%
2021-07-28 11:05:10.848452,LTC-USD,Litecoin USD,136.61,+2.0543%
2021-07-28 11:05:15.162960,LTC-USD,Litecoin USD,136.76,+2.3566%
2021-07-28 11:05:19.268278,LTC-USD,Litecoin USD,136.76,+2.3566%
2021-07-28 11:05:23.504450,LTC-USD,Litecoin USD,136.76,+2.3566%
2021-07-28 11:05:27.650897,LTC-USD,Litecoin USD,136.76,+2.3566%
2021-07-28 11:05:31.973875,LTC-USD,Litecoin USD,136.76,+2.3566%
2021-07-28 11:05:36.096639,LTC-USD,Litecoin USD,136.76,+2.3566%
2021-07-28 11:05:40.285795,LTC-USD,Litecoin USD,136.76,+2.3566%
2021-07-28 11:05:44.442751,LTC-USD,Litecoin USD,136.76,+2.3566%
2021-07-28 11:05:48.709838,LTC-USD,Litecoin USD,136.76,+2.3566%
2021-07-28 11:05:53.001078,LTC-USD,Litecoin USD,136.76,+2.3566%
2021-07-28 11:05:57.275896,LTC-USD,Litecoin USD,136.76,+2.3566%
2021-07-28 11:06:01.445731,LTC-USD,Litecoin USD,136.76,+2.3566%
2021-07-28 11:06:05.490295,LTC-USD,Litecoin USD,136.76,+2.3566%
2021-07-28 11:06:09.716839,LTC-USD,Litecoin USD,136.76,+2.3566%
2021-07-28 11:06:13.869004,LTC-USD,Litecoin USD,136.78,+2.9801%
2021-07-28 11:06:18.387438,LTC-USD,Litecoin USD,136.78,+2.9801%
2021-07-28 11:06:22.489912,LTC-USD,Litecoin USD,136.78,+2.9801%
2021-07-28 11:06:26.692649,LTC-USD,Litecoin USD,136.78,+2.9801%
2021-07-28 11:06:30.734158,LTC-USD,Litecoin USD,136.78,+2.9801%
2021-07-28 11:06:34.868636,LTC-USD,Litecoin USD,136.78,+2.9801%
2021-07-28 11:06:38.995372,LTC-USD,Litecoin USD,136.78,+2.9801%
2021-07-28 11:06:43.234761,LTC-USD,Litecoin USD,136.78,+2.9801%
2021-07-28 11:06:47.441687,LTC-USD,Litecoin USD,136.78,+2.9801%
2021-07-28 11:06:51.608123,LTC-USD,Litecoin USD,136.78,+2.9801%
2021-07-28 11:06:56.065380,LTC-USD,Litecoin USD,136.78,+2.9801%
2021-07-28 11:07:00.188468,LTC-USD,Litecoin USD,136.78,+2.9801%
2021-07-28 11:07:04.416865,LTC-USD,Litecoin USD,136.78,+2.9801%
2021-07-28 11:07:08.801277,LTC-USD,Litecoin USD,136.78,+2.9801%
2021-07-28 11:07:12.979706,LTC-USD,Litecoin USD,136.78,+2.9801%
2021-07-28 11:07:17.401796,LTC-USD,Litecoin USD,136.83,+3.0053%
2021-07-28 11:07:21.645184,LTC-USD,Litecoin USD,136.83,+3.0053%
2021-07-28 11:07:25.790242,LTC-USD,Litecoin USD,136.83,+3.0053%
2021-07-28 11:07:30.133370,LTC-USD,Litecoin USD,136.83,+3.0053%
2021-07-28 11:07:34.269892,LTC-USD,Litecoin USD,136.83,+3.0053%
2021-07-28 11:07:38.554038,LTC-USD,Litecoin USD,136.83,+3.0053%
2021-07-28 11:07:42.683495,LTC-USD,Litecoin USD,136.83,+3.0053%
2021-07-28 11:07:46.844621,LTC-USD,Litecoin USD,136.83,+3.0053%
2021-07-28 11:07:50.990879,LTC-USD,Litecoin USD,136.83,+3.0053%
2021-07-28 11:07:55.335202,LTC-USD,Litecoin USD,136.83,+3.0053%
2021-07-28 11:07:59.654451,LTC-USD,Litecoin USD,136.83,+3.0053%
2021-07-28 11:08:04.291596,LTC-USD,Litecoin USD,136.83,+3.0053%
2021-07-28 11:08:08.740310,LTC-USD,Litecoin USD,136.83,+3.0053%
2021-07-28 11:08:12.819799,LTC-USD,Litecoin USD,136.83,+3.0053%
2021-07-28 11:08:17.048193,LTC-USD,Litecoin USD,136.84,+3.3718%
2021-07-28 11:08:21.153858,LTC-USD,Litecoin USD,136.84,+3.3718%
2021-07-28 11:08:25.315711,LTC-USD,Litecoin USD,136.84,+3.3718%
2021-07-28 11:08:29.435924,LTC-USD,Litecoin USD,136.84,+3.3718%
2021-07-28 11:08:33.750906,LTC-USD,Litecoin USD,136.84,+3.3718%
2021-07-28 11:08:37.926591,LTC-USD,Litecoin USD,136.84,+3.3718%
2021-07-28 11:08:42.200795,LTC-USD,Litecoin USD,136.84,+3.3718%
2021-07-28 11:08:46.232519,LTC-USD,Litecoin USD,136.84,+3.3718%
2021-07-28 11:08:50.288592,LTC-USD,Litecoin USD,136.84,+3.3718%
2021-07-28 11:08:54.313376,LTC-USD,Litecoin USD,136.84,+3.3718%
2021-07-28 11:08:58.551657,LTC-USD,Litecoin USD,136.84,+3.3718%
2021-07-28 11:09:02.749304,LTC-USD,Litecoin USD,136.84,+3.3718%
2021-07-28 11:09:06.991794,LTC-USD,Litecoin USD,136.84,+3.3718%
2021-07-28 11:09:11.067053,LTC-USD,Litecoin USD,136.84,+3.3718%
2021-07-28 11:09:15.261469,LTC-USD,Litecoin USD,136.87,+3.6189%
2021-07-28 11:09:19.468851,LTC-USD,Litecoin USD,136.87,+3.6189%
2021-07-28 11:09:23.766582,LTC-USD,Litecoin USD,136.87,+3.6189%
2021-07-28 11:09:27.912614,LTC-USD,Litecoin USD,136.87,+3.6189%
2021-07-28 11:09:32.115359,LTC-USD,Litecoin USD,136.87,+3.6189%
2021-07-28 11:09:36.350769,LTC-USD,Litecoin USD,136.87,+3.6189%
2021-07-28 11:09:40.409295,LTC-USD,Litecoin USD,136.87,+3.6189%
2021-07-28 11:09:44.540332,LTC-USD,Litecoin USD,136.87,+3.6189%
2021-07-28 11:09:48.848961,LTC-USD,Litecoin USD,136.87,+3.6189%
2021-07-28 11:09:52.898655,LTC-USD,Litecoin USD,136.87,+3.6189%
2021-07-28 11:09:57.113761,LTC-USD,Litecoin USD,136.87,+3.6189%
2021-07-28 11:10:01.266124,LTC-USD,Litecoin USD,136.87,+3.6189%
2021-07-28 11:10:05.366600,LTC-USD,Litecoin USD,136.87,+3.6189%
2021-07-28 11:10:09.563126,LTC-USD,Litecoin USD,136.87,+3.6189%
2021-07-28 11:10:14.112586,LTC-USD,Litecoin USD,136.91,+3.5318%
2021-07-28 11:10:18.456917,LTC-USD,Litecoin USD,136.91,+3.5318%
2021-07-28 11:10:22.797618,LTC-USD,Litecoin USD,136.91,+3.5318%
2021-07-28 11:10:26.840081,LTC-USD,Litecoin USD,136.91,+3.5318%
2021-07-28 11:10:31.045492,LTC-USD,Litecoin USD,136.91,+3.5318%
2021-07-28 11:10:35.200358,LTC-USD,Litecoin USD,136.91,+3.5318%
2021-07-28 11:10:39.371124,LTC-USD,Litecoin USD,136.91,+3.5318%
2021-07-28 11:10:43.580481,LTC-USD,Litecoin USD,136.91,+3.5318%
2021-07-28 11:10:47.654895,LTC-USD,Litecoin USD,136.91,+3.5318%
2021-07-28 11:10:51.893366,LTC-USD,Litecoin USD,136.91,+3.5318%
2021-07-28 11:10:56.135754,LTC-USD,Litecoin USD,136.91,+3.5318%
2021-07-28 11:11:00.329979,LTC-USD,Litecoin USD,136.91,+3.5318%
2021-07-28 11:11:04.464036,LTC-USD,Litecoin USD,136.91,+3.5318%
2021-07-28 11:11:08.728902,LTC-USD,Litecoin USD,136.91,+3.5318%
2021-07-28 11:11:12.893966,LTC-USD,Litecoin USD,136.91,+3.5318%
2021-07-28 11:11:17.026128,LTC-USD,Litecoin USD,137.0,+3.6573%
2021-07-28 11:11:21.178755,LTC-USD,Litecoin USD,137.0,+3.6573%
2021-07-28 11:11:25.387163,LTC-USD,Litecoin USD,137.0,+3.6573%
2021-07-28 11:11:29.777753,LTC-USD,Litecoin USD,137.0,+3.6573%
2021-07-28 11:11:34.084949,LTC-USD,Litecoin USD,137.0,+3.6573%
2021-07-28 11:11:38.346115,LTC-USD,Litecoin USD,137.0,+3.6573%
2021-07-28 11:11:42.540346,LTC-USD,Litecoin USD,137.0,+3.6573%
2021-07-28 11:11:46.778177,LTC-USD,Litecoin USD,137.0,+3.6573%
2021-07-28 11:11:50.903692,LTC-USD,Litecoin USD,137.0,+3.6573%
2021-07-28 11:11:55.183117,LTC-USD,Litecoin USD,137.0,+3.6573%
2021-07-28 11:11:59.446148,LTC-USD,Litecoin USD,137.0,+3.6573%
2021-07-28 11:12:03.715519,LTC-USD,Litecoin USD,137.0,+3.6573%
2021-07-28 11:12:07.889951,LTC-USD,Litecoin USD,137.0,+3.6573%
2021-07-28 11:12:12.003417,LTC-USD,Litecoin USD,137.0,+3.6573%
2021-07-28 11:12:16.122882,LTC-USD,Litecoin USD,137.04,+3.5838%
2021-07-28 11:12:20.217361,LTC-USD,Litecoin USD,137.04,+3.5838%
2021-07-28 11:12:24.438763,LTC-USD,Litecoin USD,137.04,+3.5838%
2021-07-28 11:12:28.773688,LTC-USD,Litecoin USD,137.04,+3.5838%
2021-07-28 11:12:32.901487,LTC-USD,Litecoin USD,137.04,+3.5838%
2021-07-28 11:12:36.965045,LTC-USD,Litecoin USD,137.04,+3.5838%
2021-07-28 11:12:41.274267,LTC-USD,Litecoin USD,137.04,+3.5838%
2021-07-28 11:12:45.408903,LTC-USD,Litecoin USD,137.04,+3.5838%
2021-07-28 11:12:49.548353,LTC-USD,Litecoin USD,137.04,+3.5838%
2021-07-28 11:12:53.685342,LTC-USD,Litecoin USD,137.04,+3.5838%
2021-07-28 11:12:57.773495,LTC-USD,Litecoin USD,137.04,+3.5838%
2021-07-28 11:13:02.023094,LTC-USD,Litecoin USD,137.04,+3.5838%
2021-07-28 11:13:06.237893,LTC-USD,Litecoin USD,137.04,+3.5838%
2021-07-28 11:13:10.374348,LTC-USD,Litecoin USD,137.04,+3.5838%
2021-07-28 11:13:14.931541,LTC-USD,Litecoin USD,137.12,+3.8351%
2021-07-28 11:13:19.224899,LTC-USD,Litecoin USD,137.12,+3.8351%
2021-07-28 11:13:23.341364,LTC-USD,Litecoin USD,137.12,+3.8351%
2021-07-28 11:13:27.512746,LTC-USD,Litecoin USD,137.12,+3.8351%
2021-07-28 11:13:31.647714,LTC-USD,Litecoin USD,137.12,+3.8351%
2021-07-28 11:13:35.820958,LTC-USD,Litecoin USD,137.12,+3.8351%
2021-07-28 11:13:40.168608,LTC-USD,Litecoin USD,137.12,+3.8351%
2021-07-28 11:13:44.715437,LTC-USD,Litecoin USD,137.12,+3.8351%
2021-07-28 11:13:49.310608,LTC-USD,Litecoin USD,137.12,+3.8351%
2021-07-28 11:13:53.616957,LTC-USD,Litecoin USD,137.12,+3.8351%
2021-07-28 11:13:58.009253,LTC-USD,Litecoin USD,137.12,+3.8351%
2021-07-28 11:14:02.432530,LTC-USD,Litecoin USD,137.12,+3.8351%
2021-07-28 11:14:06.683911,LTC-USD,Litecoin USD,137.12,+3.8351%
2021-07-28 11:14:11.180766,LTC-USD,Litecoin USD,137.12,+3.8351%
2021-07-28 11:14:15.530821,LTC-USD,Litecoin USD,137.25,+3.9618%
2021-07-28 11:14:19.628263,LTC-USD,Litecoin USD,137.25,+3.9618%
2021-07-28 11:14:23.820447,LTC-USD,Litecoin USD,137.25,+3.9618%
2021-07-28 11:14:27.979954,LTC-USD,Litecoin USD,137.25,+3.9618%
2021-07-28 11:14:32.131922,LTC-USD,Litecoin USD,137.25,+3.9618%
2021-07-28 11:14:36.413106,LTC-USD,Litecoin USD,137.25,+3.9618%
2021-07-28 11:14:40.517580,LTC-USD,Litecoin USD,137.25,+3.9618%
2021-07-28 11:14:44.742977,LTC-USD,Litecoin USD,137.25,+3.9618%
2021-07-28 11:14:48.946390,LTC-USD,Litecoin USD,137.25,+3.9618%
2021-07-28 11:14:53.214763,LTC-USD,Litecoin USD,137.25,+3.9618%
2021-07-28 11:14:57.356443,LTC-USD,Litecoin USD,137.25,+3.9618%
2021-07-28 11:15:01.478104,LTC-USD,Litecoin USD,137.25,+3.9618%
2021-07-28 11:15:05.644541,LTC-USD,Litecoin USD,137.25,+3.9618%
2021-07-28 11:15:09.865633,LTC-USD,Litecoin USD,137.25,+3.9618%
2021-07-28 11:15:14.475383,LTC-USD,Litecoin USD,137.37,+4.216%
2021-07-28 11:15:18.662047,LTC-USD,Litecoin USD,137.37,+4.216%
2021-07-28 11:15:22.907146,LTC-USD,Litecoin USD,137.37,+4.216%
2021-07-28 11:15:27.086702,LTC-USD,Litecoin USD,137.37,+4.216%
2021-07-28 11:15:31.189527,LTC-USD,Litecoin USD,137.37,+4.216%
2021-07-28 11:15:35.364677,LTC-USD,Litecoin USD,137.37,+4.216%
2021-07-28 11:15:39.674860,LTC-USD,Litecoin USD,137.37,+4.216%
2021-07-28 11:15:44.067312,LTC-USD,Litecoin USD,137.37,+4.216%
2021-07-28 11:15:48.274445,LTC-USD,Litecoin USD,137.37,+4.216%
2021-07-28 11:15:52.360533,LTC-USD,Litecoin USD,137.37,+4.216%
2021-07-28 11:15:56.598890,LTC-USD,Litecoin USD,137.37,+4.216%
2021-07-28 11:16:00.753874,LTC-USD,Litecoin USD,137.37,+4.216%
2021-07-28 11:16:04.892621,LTC-USD,Litecoin USD,137.37,+4.216%
2021-07-28 11:16:08.991738,LTC-USD,Litecoin USD,137.37,+4.216%
2021-07-28 11:16:13.236483,LTC-USD,Litecoin USD,137.37,+4.216%
2021-07-28 11:16:17.347004,LTC-USD,Litecoin USD,137.29,+4.3965%
2021-07-28 11:16:21.490392,LTC-USD,Litecoin USD,137.29,+4.3965%
2021-07-28 11:16:25.815076,LTC-USD,Litecoin USD,137.29,+4.3965%
2021-07-28 11:16:29.905785,LTC-USD,Litecoin USD,137.29,+4.3965%
2021-07-28 11:16:34.132818,LTC-USD,Litecoin USD,137.29,+4.3965%
2021-07-28 11:16:38.403189,LTC-USD,Litecoin USD,137.29,+4.3965%
2021-07-28 11:16:42.515957,LTC-USD,Litecoin USD,137.29,+4.3965%
2021-07-28 11:16:46.804318,LTC-USD,Litecoin USD,137.29,+4.3965%
2021-07-28 11:16:50.903771,LTC-USD,Litecoin USD,137.29,+4.3965%
2021-07-28 11:16:55.071767,LTC-USD,Litecoin USD,137.29,+4.3965%
2021-07-28 11:16:59.356808,LTC-USD,Litecoin USD,137.29,+4.3965%
2021-07-28 11:17:03.559248,LTC-USD,Litecoin USD,137.29,+4.3965%
2021-07-28 11:17:07.716690,LTC-USD,Litecoin USD,137.29,+4.3965%
2021-07-28 11:17:11.782459,LTC-USD,Litecoin USD,137.29,+4.3965%
2021-07-28 11:17:15.863790,LTC-USD,Litecoin USD,137.17,+4.1851%
2021-07-28 11:17:20.036888,LTC-USD,Litecoin USD,137.17,+4.1851%
2021-07-28 11:17:24.232975,LTC-USD,Litecoin USD,137.17,+4.1851%
2021-07-28 11:17:28.556397,LTC-USD,Litecoin USD,137.17,+4.1851%
2021-07-28 11:17:32.772437,LTC-USD,Litecoin USD,137.17,+4.1851%
2021-07-28 11:17:36.891834,LTC-USD,Litecoin USD,137.17,+4.1851%
2021-07-28 11:17:41.150213,LTC-USD,Litecoin USD,137.17,+4.1851%
2021-07-28 11:17:45.258305,LTC-USD,Litecoin USD,137.17,+4.1851%
2021-07-28 11:17:49.555563,LTC-USD,Litecoin USD,137.17,+4.1851%
2021-07-28 11:17:53.680022,LTC-USD,Litecoin USD,137.17,+4.1851%
2021-07-28 11:17:57.871916,LTC-USD,Litecoin USD,137.17,+4.1851%
2021-07-28 11:18:02.153280,LTC-USD,Litecoin USD,137.17,+4.1851%
2021-07-28 11:18:06.312719,LTC-USD,Litecoin USD,137.17,+4.1851%
2021-07-28 11:18:10.426817,LTC-USD,Litecoin USD,137.17,+4.1851%
2021-07-28 11:18:15.258724,LTC-USD,Litecoin USD,137.07,+3.8196%
2021-07-28 11:18:19.481835,LTC-USD,Litecoin USD,137.07,+3.8196%
2021-07-28 11:18:23.627332,LTC-USD,Litecoin USD,137.07,+3.8196%
2021-07-28 11:18:27.937501,LTC-USD,Litecoin USD,137.07,+3.8196%
2021-07-28 11:18:32.049125,LTC-USD,Litecoin USD,137.07,+3.8196%
2021-07-28 11:18:36.169155,LTC-USD,Litecoin USD,137.07,+3.8196%
2021-07-28 11:18:40.338186,LTC-USD,Litecoin USD,137.07,+3.8196%
2021-07-28 11:18:44.612555,LTC-USD,Litecoin USD,137.07,+3.8196%
2021-07-28 11:18:48.914808,LTC-USD,Litecoin USD,137.07,+3.8196%
2021-07-28 11:18:53.139077,LTC-USD,Litecoin USD,137.07,+3.8196%
2021-07-28 11:18:57.250688,LTC-USD,Litecoin USD,137.07,+3.8196%
2021-07-28 11:19:01.523809,LTC-USD,Litecoin USD,137.07,+3.8196%
2021-07-28 11:19:05.594630,LTC-USD,Litecoin USD,137.07,+3.8196%
2021-07-28 11:19:09.917536,LTC-USD,Litecoin USD,137.07,+3.8196%
2021-07-28 11:19:14.386378,LTC-USD,Litecoin USD,137.07,+3.8196%
2021-07-28 11:19:18.575647,LTC-USD,Litecoin USD,137.09,+3.8228%
2021-07-28 11:19:22.662811,LTC-USD,Litecoin USD,137.09,+3.8228%
2021-07-28 11:19:26.834984,LTC-USD,Litecoin USD,137.09,+3.8228%
2021-07-28 11:19:31.007860,LTC-USD,Litecoin USD,137.09,+3.8228%
2021-07-28 11:19:35.297475,LTC-USD,Litecoin USD,137.09,+3.8228%
2021-07-28 11:19:39.454367,LTC-USD,Litecoin USD,137.09,+3.8228%
2021-07-28 11:19:43.665453,LTC-USD,Litecoin USD,137.09,+3.8228%
2021-07-28 11:19:47.827892,LTC-USD,Litecoin USD,137.09,+3.8228%
2021-07-28 11:19:51.931747,LTC-USD,Litecoin USD,137.09,+3.8228%
2021-07-28 11:19:56.049950,LTC-USD,Litecoin USD,137.09,+3.8228%
2021-07-28 11:20:00.351941,LTC-USD,Litecoin USD,137.09,+3.8228%
2021-07-28 11:20:04.745236,LTC-USD,Litecoin USD,137.09,+3.8228%
2021-07-28 11:20:08.982104,LTC-USD,Litecoin USD,137.09,+3.8228%
2021-07-28 11:20:13.117544,LTC-USD,Litecoin USD,137.09,+3.8228%
2021-07-28 11:20:17.407769,LTC-USD,Litecoin USD,137.02,+3.6145%
2021-07-28 11:20:21.578492,LTC-USD,Litecoin USD,137.02,+3.6145%
2021-07-28 11:20:25.787832,LTC-USD,Litecoin USD,137.02,+3.6145%
2021-07-28 11:20:29.992462,LTC-USD,Litecoin USD,137.02,+3.6145%
2021-07-28 11:20:34.154219,LTC-USD,Litecoin USD,137.02,+3.6145%
2021-07-28 11:20:38.403605,LTC-USD,Litecoin USD,137.02,+3.6145%
2021-07-28 11:20:42.489685,LTC-USD,Litecoin USD,137.02,+3.6145%
2021-07-28 11:20:46.798266,LTC-USD,Litecoin USD,137.02,+3.6145%
2021-07-28 11:20:50.928561,LTC-USD,Litecoin USD,137.02,+3.6145%
2021-07-28 11:20:55.208053,LTC-USD,Litecoin USD,137.02,+3.6145%
2021-07-28 11:20:59.329484,LTC-USD,Litecoin USD,137.02,+3.6145%
2021-07-28 11:21:03.547861,LTC-USD,Litecoin USD,137.02,+3.6145%
2021-07-28 11:21:07.641512,LTC-USD,Litecoin USD,137.02,+3.6145%
2021-07-28 11:21:11.967178,LTC-USD,Litecoin USD,137.02,+3.6145%
2021-07-28 11:21:16.193213,LTC-USD,Litecoin USD,137.18,+3.7412%
2021-07-28 11:21:20.422071,LTC-USD,Litecoin USD,137.18,+3.7412%
2021-07-28 11:21:24.638818,LTC-USD,Litecoin USD,137.18,+3.7412%
2021-07-28 11:21:28.932766,LTC-USD,Litecoin USD,137.18,+3.7412%
2021-07-28 11:21:33.053905,LTC-USD,Litecoin USD,137.18,+3.7412%
2021-07-28 11:21:37.186159,LTC-USD,Litecoin USD,137.18,+3.7412%
2021-07-28 11:21:41.405813,LTC-USD,Litecoin USD,137.18,+3.7412%
2021-07-28 11:21:45.616472,LTC-USD,Litecoin USD,137.18,+3.7412%
2021-07-28 11:21:49.841569,LTC-USD,Litecoin USD,137.18,+3.7412%
2021-07-28 11:21:53.935849,LTC-USD,Litecoin USD,137.18,+3.7412%
2021-07-28 11:21:58.140429,LTC-USD,Litecoin USD,137.18,+3.7412%
2021-07-28 11:22:02.332845,LTC-USD,Litecoin USD,137.18,+3.7412%
2021-07-28 11:22:06.425121,LTC-USD,Litecoin USD,137.18,+3.7412%
2021-07-28 11:22:10.542300,LTC-USD,Litecoin USD,137.18,+3.7412%
2021-07-28 11:22:15.263444,LTC-USD,Litecoin USD,137.06,+3.5493%
2021-07-28 11:22:19.383671,LTC-USD,Litecoin USD,137.06,+3.5493%
2021-07-28 11:22:23.619136,LTC-USD,Litecoin USD,137.06,+3.5493%
2021-07-28 11:22:27.800696,LTC-USD,Litecoin USD,137.06,+3.5493%
2021-07-28 11:22:32.038309,LTC-USD,Litecoin USD,137.06,+3.5493%
2021-07-28 11:22:36.279697,LTC-USD,Litecoin USD,137.06,+3.5493%
2021-07-28 11:22:40.494305,LTC-USD,Litecoin USD,137.06,+3.5493%
2021-07-28 11:22:44.732793,LTC-USD,Litecoin USD,137.06,+3.5493%
2021-07-28 11:22:48.911656,LTC-USD,Litecoin USD,137.06,+3.5493%
2021-07-28 11:22:53.037855,LTC-USD,Litecoin USD,137.06,+3.5493%
2021-07-28 11:22:57.132335,LTC-USD,Litecoin USD,137.06,+3.5493%
2021-07-28 11:23:01.319757,LTC-USD,Litecoin USD,137.06,+3.5493%
2021-07-28 11:23:05.494740,LTC-USD,Litecoin USD,137.06,+3.5493%
2021-07-28 11:23:09.655229,LTC-USD,Litecoin USD,137.06,+3.5493%
2021-07-28 11:23:14.126593,LTC-USD,Litecoin USD,137.11,+3.4614%
2021-07-28 11:23:18.497312,LTC-USD,Litecoin USD,137.11,+3.4614%
2021-07-28 11:23:22.598895,LTC-USD,Litecoin USD,137.11,+3.4614%
2021-07-28 11:23:26.740344,LTC-USD,Litecoin USD,137.11,+3.4614%
2021-07-28 11:23:30.847817,LTC-USD,Litecoin USD,137.11,+3.4614%
2021-07-28 11:23:35.245200,LTC-USD,Litecoin USD,137.11,+3.4614%
2021-07-28 11:23:39.807117,LTC-USD,Litecoin USD,137.11,+3.4614%
2021-07-28 11:23:44.056590,LTC-USD,Litecoin USD,137.11,+3.4614%
2021-07-28 11:23:48.288053,LTC-USD,Litecoin USD,137.11,+3.4614%
2021-07-28 11:23:52.688502,LTC-USD,Litecoin USD,137.11,+3.4614%
2021-07-28 11:23:56.995850,LTC-USD,Litecoin USD,137.11,+3.4614%
2021-07-28 11:24:01.345174,LTC-USD,Litecoin USD,137.11,+3.4614%
2021-07-28 11:24:05.859393,LTC-USD,Litecoin USD,137.11,+3.4614%
2021-07-28 11:24:10.346062,LTC-USD,Litecoin USD,137.11,+3.4614%
2021-07-28 11:24:15.180089,LTC-USD,Litecoin USD,137.03,+3.2731%
2021-07-28 11:24:19.310466,LTC-USD,Litecoin USD,137.03,+3.2731%
2021-07-28 11:24:23.545713,LTC-USD,Litecoin USD,137.03,+3.2731%
2021-07-28 11:24:27.669629,LTC-USD,Litecoin USD,137.03,+3.2731%
2021-07-28 11:24:31.825963,LTC-USD,Litecoin USD,137.03,+3.2731%
2021-07-28 11:24:36.576005,LTC-USD,Litecoin USD,137.03,+3.2731%
2021-07-28 11:24:40.901064,LTC-USD,Litecoin USD,137.03,+3.2731%
2021-07-28 11:24:45.195419,LTC-USD,Litecoin USD,137.03,+3.2731%
2021-07-28 11:24:49.499249,LTC-USD,Litecoin USD,137.03,+3.2731%
2021-07-28 11:24:53.627372,LTC-USD,Litecoin USD,137.03,+3.2731%
2021-07-28 11:24:57.833031,LTC-USD,Litecoin USD,137.03,+3.2731%
2021-07-28 11:25:02.123389,LTC-USD,Litecoin USD,137.03,+3.2731%
2021-07-28 11:25:06.283398,LTC-USD,Litecoin USD,137.03,+3.2731%
2021-07-28 11:25:10.532178,LTC-USD,Litecoin USD,137.03,+3.2731%
2021-07-28 11:25:15.028506,LTC-USD,Litecoin USD,137.03,+3.2731%
2021-07-28 11:25:19.163890,LTC-USD,Litecoin USD,137.03,+3.3695%
2021-07-28 11:25:23.300348,LTC-USD,Litecoin USD,137.03,+3.3695%
2021-07-28 11:25:27.411196,LTC-USD,Litecoin USD,137.03,+3.3695%
2021-07-28 11:25:31.541827,LTC-USD,Litecoin USD,137.03,+3.3695%
2021-07-28 11:25:35.786324,LTC-USD,Litecoin USD,137.03,+3.3695%
2021-07-28 11:25:40.034038,LTC-USD,Litecoin USD,137.03,+3.3695%
2021-07-28 11:25:44.295887,LTC-USD,Litecoin USD,137.03,+3.3695%
2021-07-28 11:25:48.406492,LTC-USD,Litecoin USD,137.03,+3.3695%
2021-07-28 11:25:52.479794,LTC-USD,Litecoin USD,137.03,+3.3695%
2021-07-28 11:25:56.685325,LTC-USD,Litecoin USD,137.03,+3.3695%
2021-07-28 11:26:01.017655,LTC-USD,Litecoin USD,137.03,+3.3695%
2021-07-28 11:26:05.466916,LTC-USD,Litecoin USD,137.03,+3.3695%
2021-07-28 11:26:09.625354,LTC-USD,Litecoin USD,137.03,+3.3695%
2021-07-28 11:26:13.860530,LTC-USD,Litecoin USD,137.03,+3.3695%
2021-07-28 11:26:18.118331,LTC-USD,Litecoin USD,137.02,+3.5915%
2021-07-28 11:26:22.188724,LTC-USD,Litecoin USD,137.02,+3.5915%
2021-07-28 11:26:26.281248,LTC-USD,Litecoin USD,137.02,+3.5915%
2021-07-28 11:26:30.451350,LTC-USD,Litecoin USD,137.02,+3.5915%
2021-07-28 11:26:34.474086,LTC-USD,Litecoin USD,137.02,+3.5915%
2021-07-28 11:26:38.621113,LTC-USD,Litecoin USD,137.02,+3.5915%
2021-07-28 11:26:42.686021,LTC-USD,Litecoin USD,137.02,+3.5915%
2021-07-28 11:26:46.799593,LTC-USD,Litecoin USD,137.02,+3.5915%
2021-07-28 11:26:50.935959,LTC-USD,Litecoin USD,137.02,+3.5915%
2021-07-28 11:26:55.182715,LTC-USD,Litecoin USD,137.02,+3.5915%
2021-07-28 11:26:59.367672,LTC-USD,Litecoin USD,137.02,+3.5915%
2021-07-28 11:27:03.383153,LTC-USD,Litecoin USD,137.02,+3.5915%
2021-07-28 11:27:07.440691,LTC-USD,Litecoin USD,137.02,+3.5915%
2021-07-28 11:27:11.612680,LTC-USD,Litecoin USD,137.02,+3.5915%
2021-07-28 11:27:15.754252,LTC-USD,Litecoin USD,137.18,+3.4792%
2021-07-28 11:27:19.962070,LTC-USD,Litecoin USD,137.18,+3.4792%
2021-07-28 11:27:24.231043,LTC-USD,Litecoin USD,137.18,+3.4792%
2021-07-28 11:27:28.279732,LTC-USD,Litecoin USD,137.18,+3.4792%
2021-07-28 11:27:32.432290,LTC-USD,Litecoin USD,137.18,+3.4792%
2021-07-28 11:27:36.561201,LTC-USD,Litecoin USD,137.18,+3.4792%
2021-07-28 11:27:40.925727,LTC-USD,Litecoin USD,137.18,+3.4792%
2021-07-28 11:27:44.902560,LTC-USD,Litecoin USD,137.18,+3.4792%
2021-07-28 11:27:49.223457,LTC-USD,Litecoin USD,137.18,+3.4792%
2021-07-28 11:27:53.366487,LTC-USD,Litecoin USD,137.18,+3.4792%
2021-07-28 11:27:57.518965,LTC-USD,Litecoin USD,137.18,+3.4792%
2021-07-28 11:28:01.802709,LTC-USD,Litecoin USD,137.18,+3.4792%
2021-07-28 11:28:05.972648,LTC-USD,Litecoin USD,137.18,+3.4792%
2021-07-28 11:28:10.014717,LTC-USD,Litecoin USD,137.18,+3.4792%
2021-07-28 11:28:14.588977,LTC-USD,Litecoin USD,137.12,+3.3754%
2021-07-28 11:28:18.750173,LTC-USD,Litecoin USD,137.12,+3.3754%
2021-07-28 11:28:22.841904,LTC-USD,Litecoin USD,137.12,+3.3754%
2021-07-28 11:28:26.954375,LTC-USD,Litecoin USD,137.12,+3.3754%
2021-07-28 11:28:31.034425,LTC-USD,Litecoin USD,137.12,+3.3754%
2021-07-28 11:28:35.361137,LTC-USD,Litecoin USD,137.12,+3.3754%
2021-07-28 11:28:39.623381,LTC-USD,Litecoin USD,137.12,+3.3754%
2021-07-28 11:28:43.712946,LTC-USD,Litecoin USD,137.12,+3.3754%
2021-07-28 11:28:47.775726,LTC-USD,Litecoin USD,137.12,+3.3754%
2021-07-28 11:28:51.854208,LTC-USD,Litecoin USD,137.12,+3.3754%
2021-07-28 11:28:56.196071,LTC-USD,Litecoin USD,137.12,+3.3754%
2021-07-28 11:29:00.471511,LTC-USD,Litecoin USD,137.12,+3.3754%
2021-07-28 11:29:04.884036,LTC-USD,Litecoin USD,137.12,+3.3754%
2021-07-28 11:29:09.062594,LTC-USD,Litecoin USD,137.12,+3.3754%
2021-07-28 11:29:13.208850,LTC-USD,Litecoin USD,137.12,+3.3754%
2021-07-28 11:29:17.362120,LTC-USD,Litecoin USD,137.2,+3.3641%
2021-07-28 11:29:21.449615,LTC-USD,Litecoin USD,137.2,+3.3641%
2021-07-28 11:29:25.861900,LTC-USD,Litecoin USD,137.2,+3.3641%
2021-07-28 11:29:30.012421,LTC-USD,Litecoin USD,137.2,+3.3641%
2021-07-28 11:29:34.313303,LTC-USD,Litecoin USD,137.2,+3.3641%
2021-07-28 11:29:38.469737,LTC-USD,Litecoin USD,137.2,+3.3641%
2021-07-28 11:29:42.611493,LTC-USD,Litecoin USD,137.2,+3.3641%
2021-07-28 11:29:46.793115,LTC-USD,Litecoin USD,137.2,+3.3641%
2021-07-28 11:29:51.076053,LTC-USD,Litecoin USD,137.2,+3.3641%
2021-07-28 11:29:55.076185,LTC-USD,Litecoin USD,137.2,+3.3641%
2021-07-28 11:29:59.293555,LTC-USD,Litecoin USD,137.2,+3.3641%
2021-07-28 11:30:03.356596,LTC-USD,Litecoin USD,137.2,+3.3641%
2021-07-28 11:30:07.459559,LTC-USD,Litecoin USD,137.2,+3.3641%
2021-07-28 11:30:11.637067,LTC-USD,Litecoin USD,137.2,+3.3641%
2021-07-28 11:30:15.958543,LTC-USD,Litecoin USD,137.25,+3.378%
2021-07-28 11:30:20.107771,LTC-USD,Litecoin USD,137.25,+3.378%
2021-07-28 11:30:24.234102,LTC-USD,Litecoin USD,137.25,+3.378%
2021-07-28 11:30:28.299012,LTC-USD,Litecoin USD,137.25,+3.378%
2021-07-28 11:30:32.419958,LTC-USD,Litecoin USD,137.25,+3.378%
2021-07-28 11:30:36.558035,LTC-USD,Litecoin USD,137.25,+3.378%
2021-07-28 11:30:40.973599,LTC-USD,Litecoin USD,137.25,+3.378%
2021-07-28 11:30:45.154477,LTC-USD,Litecoin USD,137.25,+3.378%
2021-07-28 11:30:49.258628,LTC-USD,Litecoin USD,137.25,+3.378%
2021-07-28 11:30:53.470611,LTC-USD,Litecoin USD,137.25,+3.378%
2021-07-28 11:30:57.574263,LTC-USD,Litecoin USD,137.25,+3.378%
2021-07-28 11:31:01.853358,LTC-USD,Litecoin USD,137.25,+3.378%
2021-07-28 11:31:06.128573,LTC-USD,Litecoin USD,137.25,+3.378%
2021-07-28 11:31:10.124369,LTC-USD,Litecoin USD,137.25,+3.378%
2021-07-28 11:31:14.357217,LTC-USD,Litecoin USD,137.25,+3.378%
2021-07-28 11:31:18.562061,LTC-USD,Litecoin USD,137.38,+3.4491%
2021-07-28 11:31:22.615677,LTC-USD,Litecoin USD,137.38,+3.4491%
2021-07-28 11:31:26.820705,LTC-USD,Litecoin USD,137.38,+3.4491%
2021-07-28 11:31:30.979919,LTC-USD,Litecoin USD,137.38,+3.4491%
2021-07-28 11:31:35.163785,LTC-USD,Litecoin USD,137.38,+3.4491%
2021-07-28 11:31:39.314157,LTC-USD,Litecoin USD,137.38,+3.4491%
2021-07-28 11:31:43.397137,LTC-USD,Litecoin USD,137.38,+3.4491%
2021-07-28 11:31:47.562308,LTC-USD,Litecoin USD,137.38,+3.4491%
2021-07-28 11:31:51.679278,LTC-USD,Litecoin USD,137.38,+3.4491%
2021-07-28 11:31:56.027977,LTC-USD,Litecoin USD,137.38,+3.4491%
2021-07-28 11:32:00.167590,LTC-USD,Litecoin USD,137.38,+3.4491%
2021-07-28 11:32:04.347015,LTC-USD,Litecoin USD,137.38,+3.4491%
2021-07-28 11:32:08.488684,LTC-USD,Litecoin USD,137.38,+3.4491%
2021-07-28 11:32:12.554152,LTC-USD,Litecoin USD,137.38,+3.4491%
2021-07-28 11:32:16.529709,LTC-USD,Litecoin USD,137.38,+3.4491%
2021-07-28 11:32:20.765134,LTC-USD,Litecoin USD,137.11,+2.9015%
2021-07-28 11:32:25.012660,LTC-USD,Litecoin USD,137.11,+2.9015%
2021-07-28 11:32:29.443119,LTC-USD,Litecoin USD,137.11,+2.9015%
2021-07-28 11:32:33.484143,LTC-USD,Litecoin USD,137.11,+2.9015%
2021-07-28 11:32:37.561210,LTC-USD,Litecoin USD,137.11,+2.9015%
2021-07-28 11:32:41.729273,LTC-USD,Litecoin USD,137.11,+2.9015%
2021-07-28 11:32:45.892770,LTC-USD,Litecoin USD,137.11,+2.9015%
2021-07-28 11:32:50.194087,LTC-USD,Litecoin USD,137.11,+2.9015%
2021-07-28 11:32:54.431795,LTC-USD,Litecoin USD,137.11,+2.9015%
2021-07-28 11:32:58.674143,LTC-USD,Litecoin USD,137.11,+2.9015%
2021-07-28 11:33:02.880552,LTC-USD,Litecoin USD,137.11,+2.9015%
2021-07-28 11:33:06.954329,LTC-USD,Litecoin USD,137.11,+2.9015%
2021-07-28 11:33:11.359497,LTC-USD,Litecoin USD,137.11,+2.9015%
2021-07-28 11:33:15.592029,LTC-USD,Litecoin USD,137.11,+2.9015%
2021-07-28 11:33:19.676348,LTC-USD,Litecoin USD,137.1,+2.5682%
2021-07-28 11:33:23.825886,LTC-USD,Litecoin USD,137.1,+2.5682%
2021-07-28 11:33:28.063277,LTC-USD,Litecoin USD,137.1,+2.5682%
2021-07-28 11:33:32.201699,LTC-USD,Litecoin USD,137.1,+2.5682%
2021-07-28 11:33:36.689611,LTC-USD,Litecoin USD,137.1,+2.5682%
2021-07-28 11:33:41.223906,LTC-USD,Litecoin USD,137.1,+2.5682%
2021-07-28 11:33:45.790095,LTC-USD,Litecoin USD,137.1,+2.5682%
2021-07-28 11:33:50.395260,LTC-USD,Litecoin USD,137.1,+2.5682%
2021-07-28 11:33:54.900486,LTC-USD,Litecoin USD,137.1,+2.5682%
2021-07-28 11:33:59.282787,LTC-USD,Litecoin USD,137.1,+2.5682%
2021-07-28 11:34:03.613121,LTC-USD,Litecoin USD,137.1,+2.5682%
2021-07-28 11:34:07.977435,LTC-USD,Litecoin USD,137.1,+2.5682%
2021-07-28 11:34:12.317763,LTC-USD,Litecoin USD,137.1,+2.5682%
2021-07-28 11:34:16.743039,LTC-USD,Litecoin USD,137.22,+2.441%
2021-07-28 11:34:21.373189,LTC-USD,Litecoin USD,137.22,+2.441%
2021-07-28 11:34:26.029322,LTC-USD,Litecoin USD,137.22,+2.441%
2021-07-28 11:34:30.388342,LTC-USD,Litecoin USD,137.22,+2.441%
2021-07-28 11:34:34.514692,LTC-USD,Litecoin USD,137.22,+2.441%
2021-07-28 11:34:38.701112,LTC-USD,Litecoin USD,137.22,+2.441%
2021-07-28 11:34:42.825254,LTC-USD,Litecoin USD,137.22,+2.441%
2021-07-28 11:34:46.984556,LTC-USD,Litecoin USD,137.22,+2.441%
2021-07-28 11:34:51.349296,LTC-USD,Litecoin USD,137.22,+2.441%
2021-07-28 11:34:55.608371,LTC-USD,Litecoin USD,137.22,+2.441%
2021-07-28 11:34:59.992673,LTC-USD,Litecoin USD,137.22,+2.441%
2021-07-28 11:35:04.245589,LTC-USD,Litecoin USD,137.22,+2.441%
2021-07-28 11:35:08.375823,LTC-USD,Litecoin USD,137.22,+2.441%
2021-07-28 11:35:12.494992,LTC-USD,Litecoin USD,137.22,+2.441%
2021-07-28 11:35:16.637790,LTC-USD,Litecoin USD,137.15,+2.6018%
2021-07-28 11:35:20.814862,LTC-USD,Litecoin USD,137.15,+2.6018%
2021-07-28 11:35:25.028046,LTC-USD,Litecoin USD,137.15,+2.6018%
2021-07-28 11:35:29.122867,LTC-USD,Litecoin USD,137.15,+2.6018%
2021-07-28 11:35:33.231336,LTC-USD,Litecoin USD,137.15,+2.6018%
2021-07-28 11:35:37.322628,LTC-USD,Litecoin USD,137.15,+2.6018%
2021-07-28 11:35:41.689311,LTC-USD,Litecoin USD,137.15,+2.6018%
2021-07-28 11:35:45.773784,LTC-USD,Litecoin USD,137.15,+2.6018%
2021-07-28 11:35:50.105120,LTC-USD,Litecoin USD,137.15,+2.6018%
2021-07-28 11:35:54.207193,LTC-USD,Litecoin USD,137.15,+2.6018%
2021-07-28 11:35:58.482561,LTC-USD,Litecoin USD,137.15,+2.6018%
2021-07-28 11:36:02.782911,LTC-USD,Litecoin USD,137.15,+2.6018%
2021-07-28 11:36:07.035482,LTC-USD,Litecoin USD,137.15,+2.6018%
2021-07-28 11:36:11.280609,LTC-USD,Litecoin USD,137.15,+2.6018%
2021-07-28 11:36:15.488018,LTC-USD,Litecoin USD,137.15,+2.7208%
2021-07-28 11:36:19.711419,LTC-USD,Litecoin USD,137.15,+2.7208%
2021-07-28 11:36:24.010041,LTC-USD,Litecoin USD,137.15,+2.7208%
2021-07-28 11:36:28.110517,LTC-USD,Litecoin USD,137.15,+2.7208%
2021-07-28 11:36:32.247969,LTC-USD,Litecoin USD,137.15,+2.7208%
2021-07-28 11:36:36.584412,LTC-USD,Litecoin USD,137.15,+2.7208%
2021-07-28 11:36:40.636484,LTC-USD,Litecoin USD,137.15,+2.7208%
2021-07-28 11:36:44.905626,LTC-USD,Litecoin USD,137.15,+2.7208%
2021-07-28 11:36:48.995989,LTC-USD,Litecoin USD,137.15,+2.7208%
2021-07-28 11:36:53.181750,LTC-USD,Litecoin USD,137.15,+2.7208%
2021-07-28 11:36:57.234366,LTC-USD,Litecoin USD,137.15,+2.7208%
2021-07-28 11:37:01.489164,LTC-USD,Litecoin USD,137.15,+2.7208%
2021-07-28 11:37:05.789311,LTC-USD,Litecoin USD,137.15,+2.7208%
2021-07-28 11:37:09.972493,LTC-USD,Litecoin USD,137.15,+2.7208%
2021-07-28 11:37:14.519772,LTC-USD,Litecoin USD,137.15,+2.7208%
2021-07-28 11:37:18.811950,LTC-USD,Litecoin USD,137.1,+2.6331%
2021-07-28 11:37:22.940757,LTC-USD,Litecoin USD,137.1,+2.6331%
2021-07-28 11:37:27.123191,LTC-USD,Litecoin USD,137.1,+2.6331%
2021-07-28 11:37:31.373632,LTC-USD,Litecoin USD,137.1,+2.6331%
2021-07-28 11:37:35.640301,LTC-USD,Litecoin USD,137.1,+2.6331%
2021-07-28 11:37:40.075778,LTC-USD,Litecoin USD,137.1,+2.6331%
2021-07-28 11:37:44.227618,LTC-USD,Litecoin USD,137.1,+2.6331%
2021-07-28 11:37:48.372460,LTC-USD,Litecoin USD,137.1,+2.6331%
2021-07-28 11:37:52.480738,LTC-USD,Litecoin USD,137.1,+2.6331%
2021-07-28 11:37:56.789108,LTC-USD,Litecoin USD,137.1,+2.6331%
2021-07-28 11:38:01.066474,LTC-USD,Litecoin USD,137.1,+2.6331%
2021-07-28 11:38:05.360411,LTC-USD,Litecoin USD,137.1,+2.6331%
2021-07-28 11:38:09.511776,LTC-USD,Litecoin USD,137.1,+2.6331%
2021-07-28 11:38:13.557083,LTC-USD,Litecoin USD,137.1,+2.5454%
2021-07-28 11:38:17.887478,LTC-USD,Litecoin USD,137.02,+2.5454%
2021-07-28 11:38:22.162847,LTC-USD,Litecoin USD,137.02,+2.5454%
2021-07-28 11:38:26.481619,LTC-USD,Litecoin USD,137.02,+2.5454%
2021-07-28 11:38:30.648054,LTC-USD,Litecoin USD,137.02,+2.5454%
2021-07-28 11:38:34.774515,LTC-USD,Litecoin USD,137.02,+2.5454%
2021-07-28 11:38:38.943092,LTC-USD,Litecoin USD,137.02,+2.5454%
2021-07-28 11:38:43.031210,LTC-USD,Litecoin USD,137.02,+2.5454%
2021-07-28 11:38:47.172179,LTC-USD,Litecoin USD,137.02,+2.5454%
2021-07-28 11:38:51.400914,LTC-USD,Litecoin USD,137.02,+2.5454%
2021-07-28 11:38:55.568061,LTC-USD,Litecoin USD,137.02,+2.5454%
2021-07-28 11:38:59.592851,LTC-USD,Litecoin USD,137.02,+2.5454%
2021-07-28 11:39:03.741090,LTC-USD,Litecoin USD,137.02,+2.5454%
2021-07-28 11:39:07.808865,LTC-USD,Litecoin USD,137.02,+2.5454%
2021-07-28 11:39:12.050161,LTC-USD,Litecoin USD,137.02,+2.5454%
2021-07-28 11:39:16.080744,LTC-USD,Litecoin USD,136.89,+2.7185%
2021-07-28 11:39:20.272463,LTC-USD,Litecoin USD,136.89,+2.7185%
2021-07-28 11:39:24.436609,LTC-USD,Litecoin USD,136.89,+2.7185%
2021-07-28 11:39:28.569066,LTC-USD,Litecoin USD,136.89,+2.7185%
2021-07-28 11:39:32.835437,LTC-USD,Litecoin USD,136.89,+2.7185%
2021-07-28 11:39:37.164774,LTC-USD,Litecoin USD,136.89,+2.7185%
2021-07-28 11:39:41.307031,LTC-USD,Litecoin USD,136.89,+2.7185%
2021-07-28 11:39:45.588557,LTC-USD,Litecoin USD,136.89,+2.7185%
2021-07-28 11:39:49.618434,LTC-USD,Litecoin USD,136.89,+2.7185%
2021-07-28 11:39:53.798212,LTC-USD,Litecoin USD,136.89,+2.7185%
2021-07-28 11:39:57.953826,LTC-USD,Litecoin USD,136.89,+2.7185%
2021-07-28 11:40:02.334640,LTC-USD,Litecoin USD,136.89,+2.7185%
2021-07-28 11:40:06.588012,LTC-USD,Litecoin USD,136.89,+2.7185%
2021-07-28 11:40:10.695755,LTC-USD,Litecoin USD,136.89,+2.7185%
2021-07-28 11:40:15.031797,LTC-USD,Litecoin USD,136.97,+2.8123%
2021-07-28 11:40:19.138271,LTC-USD,Litecoin USD,136.97,+2.8123%
2021-07-28 11:40:23.473603,LTC-USD,Litecoin USD,136.97,+2.8123%
2021-07-28 11:40:27.664021,LTC-USD,Litecoin USD,136.97,+2.8123%
2021-07-28 11:40:32.059316,LTC-USD,Litecoin USD,136.97,+2.8123%
2021-07-28 11:40:36.276350,LTC-USD,Litecoin USD,136.97,+2.8123%
2021-07-28 11:40:40.883010,LTC-USD,Litecoin USD,136.97,+2.8123%
2021-07-28 11:40:45.070432,LTC-USD,Litecoin USD,136.97,+2.8123%
2021-07-28 11:40:49.164910,LTC-USD,Litecoin USD,136.97,+2.8123%
2021-07-28 11:40:53.315356,LTC-USD,Litecoin USD,136.97,+2.8123%
2021-07-28 11:40:57.581151,LTC-USD,Litecoin USD,136.97,+2.8123%
2021-07-28 11:41:01.824263,LTC-USD,Litecoin USD,136.97,+2.8123%
2021-07-28 11:41:06.197568,LTC-USD,Litecoin USD,136.97,+2.8123%
2021-07-28 11:41:10.559149,LTC-USD,Litecoin USD,136.97,+2.8123%
2021-07-28 11:41:14.871394,LTC-USD,Litecoin USD,137.09,+2.9466%
2021-07-28 11:41:19.109608,LTC-USD,Litecoin USD,137.09,+2.9466%
2021-07-28 11:41:23.290669,LTC-USD,Litecoin USD,137.09,+2.9466%
2021-07-28 11:41:27.442674,LTC-USD,Litecoin USD,137.09,+2.9466%
2021-07-28 11:41:31.821345,LTC-USD,Litecoin USD,137.09,+2.9466%
2021-07-28 11:41:36.084558,LTC-USD,Litecoin USD,137.09,+2.9466%
2021-07-28 11:41:40.308712,LTC-USD,Litecoin USD,137.09,+2.9466%
2021-07-28 11:41:44.405875,LTC-USD,Litecoin USD,137.09,+2.9466%
2021-07-28 11:41:48.762569,LTC-USD,Litecoin USD,137.09,+2.9466%
2021-07-28 11:41:52.854050,LTC-USD,Litecoin USD,137.09,+2.9466%
2021-07-28 11:41:57.189796,LTC-USD,Litecoin USD,137.09,+2.9466%
2021-07-28 11:42:01.293552,LTC-USD,Litecoin USD,137.09,+2.9466%
2021-07-28 11:42:05.507533,LTC-USD,Litecoin USD,137.09,+2.9466%
2021-07-28 11:42:09.620665,LTC-USD,Litecoin USD,137.09,+2.9466%
2021-07-28 11:42:13.845066,LTC-USD,Litecoin USD,136.81,+2.7974%
2021-07-28 11:42:18.448355,LTC-USD,Litecoin USD,136.81,+2.7974%
2021-07-28 11:42:22.586808,LTC-USD,Litecoin USD,136.81,+2.7974%
2021-07-28 11:42:26.849183,LTC-USD,Litecoin USD,136.81,+2.7974%
2021-07-28 11:42:30.952618,LTC-USD,Litecoin USD,136.81,+2.7974%
2021-07-28 11:42:35.199743,LTC-USD,Litecoin USD,136.81,+2.7974%
2021-07-28 11:42:39.501925,LTC-USD,Litecoin USD,136.81,+2.7974%
2021-07-28 11:42:43.665399,LTC-USD,Litecoin USD,136.81,+2.7974%
2021-07-28 11:42:47.926070,LTC-USD,Litecoin USD,136.81,+2.7974%
2021-07-28 11:42:52.253762,LTC-USD,Litecoin USD,136.81,+2.7974%
2021-07-28 11:42:56.335887,LTC-USD,Litecoin USD,136.81,+2.7974%
2021-07-28 11:43:00.560871,LTC-USD,Litecoin USD,136.81,+2.7974%
2021-07-28 11:43:04.806773,LTC-USD,Litecoin USD,136.81,+2.7974%
2021-07-28 11:43:08.859803,LTC-USD,Litecoin USD,136.81,+2.7974%
2021-07-28 11:43:13.149284,LTC-USD,Litecoin USD,136.81,+2.7974%
2021-07-28 11:43:17.410554,LTC-USD,Litecoin USD,136.75,+2.9297%
2021-07-28 11:43:21.615995,LTC-USD,Litecoin USD,136.75,+2.9297%
2021-07-28 11:43:25.793351,LTC-USD,Litecoin USD,136.75,+2.9297%
2021-07-28 11:43:29.807313,LTC-USD,Litecoin USD,136.75,+2.9297%
2021-07-28 11:43:33.881335,LTC-USD,Litecoin USD,136.75,+2.9297%
2021-07-28 11:43:38.223661,LTC-USD,Litecoin USD,136.75,+2.9297%
2021-07-28 11:43:42.668084,LTC-USD,Litecoin USD,136.75,+2.9297%
2021-07-28 11:43:47.073237,LTC-USD,Litecoin USD,136.75,+2.9297%
2021-07-28 11:43:51.365595,LTC-USD,Litecoin USD,136.75,+2.9297%
2021-07-28 11:43:55.626971,LTC-USD,Litecoin USD,136.75,+2.9297%
2021-07-28 11:43:59.923327,LTC-USD,Litecoin USD,136.75,+2.9297%
2021-07-28 11:44:04.327615,LTC-USD,Litecoin USD,136.75,+2.9297%
2021-07-28 11:44:08.661949,LTC-USD,Litecoin USD,136.75,+2.9297%
2021-07-28 11:44:12.911331,LTC-USD,Litecoin USD,136.75,+2.9297%
2021-07-28 11:44:17.503502,LTC-USD,Litecoin USD,136.72,+3.2739%
2021-07-28 11:44:21.698035,LTC-USD,Litecoin USD,136.72,+3.2739%
2021-07-28 11:44:25.955776,LTC-USD,Litecoin USD,136.72,+3.2739%
2021-07-28 11:44:30.168911,LTC-USD,Litecoin USD,136.72,+3.2739%
2021-07-28 11:44:34.292372,LTC-USD,Litecoin USD,136.72,+3.2739%
2021-07-28 11:44:38.409081,LTC-USD,Litecoin USD,136.72,+3.2739%
2021-07-28 11:44:42.657864,LTC-USD,Litecoin USD,136.72,+3.2739%
2021-07-28 11:44:47.376538,LTC-USD,Litecoin USD,136.72,+3.2739%
2021-07-28 11:44:51.779827,LTC-USD,Litecoin USD,136.72,+3.2739%
2021-07-28 11:44:56.136999,LTC-USD,Litecoin USD,136.72,+3.2739%
2021-07-28 11:45:00.316614,LTC-USD,Litecoin USD,136.72,+3.2739%
2021-07-28 11:45:04.415706,LTC-USD,Litecoin USD,136.72,+3.2739%
2021-07-28 11:45:08.595912,LTC-USD,Litecoin USD,136.72,+3.2739%
2021-07-28 11:45:12.878127,LTC-USD,Litecoin USD,136.72,+3.2739%
2021-07-28 11:45:17.083171,LTC-USD,Litecoin USD,136.88,+2.9084%
2021-07-28 11:45:21.193471,LTC-USD,Litecoin USD,136.88,+2.9084%
2021-07-28 11:45:25.475834,LTC-USD,Litecoin USD,136.88,+2.9084%
2021-07-28 11:45:29.590302,LTC-USD,Litecoin USD,136.88,+2.9084%
2021-07-28 11:45:33.730753,LTC-USD,Litecoin USD,136.88,+2.9084%
2021-07-28 11:45:37.981136,LTC-USD,Litecoin USD,136.88,+2.9084%
2021-07-28 11:45:42.203537,LTC-USD,Litecoin USD,136.88,+2.9084%
2021-07-28 11:45:46.367972,LTC-USD,Litecoin USD,136.88,+2.9084%
2021-07-28 11:45:50.619357,LTC-USD,Litecoin USD,136.88,+2.9084%
2021-07-28 11:45:54.837552,LTC-USD,Litecoin USD,136.88,+2.9084%
2021-07-28 11:45:58.926105,LTC-USD,Litecoin USD,136.88,+2.9084%
2021-07-28 11:46:03.274508,LTC-USD,Litecoin USD,136.88,+2.9084%
2021-07-28 11:46:07.536556,LTC-USD,Litecoin USD,136.88,+2.9084%
2021-07-28 11:46:11.635273,LTC-USD,Litecoin USD,136.88,+2.9084%
2021-07-28 11:46:15.914619,LTC-USD,Litecoin USD,136.75,+2.8708%
2021-07-28 11:46:20.119750,LTC-USD,Litecoin USD,136.75,+2.8708%
2021-07-28 11:46:24.247963,LTC-USD,Litecoin USD,136.75,+2.8708%
2021-07-28 11:46:28.368429,LTC-USD,Litecoin USD,136.75,+2.8708%
2021-07-28 11:46:32.674776,LTC-USD,Litecoin USD,136.75,+2.8708%
2021-07-28 11:46:36.779249,LTC-USD,Litecoin USD,136.75,+2.8708%
2021-07-28 11:46:41.013644,LTC-USD,Litecoin USD,136.75,+2.8708%
2021-07-28 11:46:45.187073,LTC-USD,Litecoin USD,136.75,+2.8708%
2021-07-28 11:46:49.405774,LTC-USD,Litecoin USD,136.75,+2.8708%
2021-07-28 11:46:53.515583,LTC-USD,Litecoin USD,136.75,+2.8708%
2021-07-28 11:46:57.874598,LTC-USD,Litecoin USD,136.75,+2.8708%
2021-07-28 11:47:02.062529,LTC-USD,Litecoin USD,136.75,+2.8708%
2021-07-28 11:47:06.231962,LTC-USD,Litecoin USD,136.75,+2.8708%
2021-07-28 11:47:10.299457,LTC-USD,Litecoin USD,136.75,+2.8708%
2021-07-28 11:47:14.815677,LTC-USD,Litecoin USD,137.08,+3.1669%
2021-07-28 11:47:18.913154,LTC-USD,Litecoin USD,137.08,+3.1669%
2021-07-28 11:47:23.267472,LTC-USD,Litecoin USD,137.08,+3.1669%
2021-07-28 11:47:27.648453,LTC-USD,Litecoin USD,137.08,+3.1669%
2021-07-28 11:47:31.682840,LTC-USD,Litecoin USD,137.08,+3.1669%
2021-07-28 11:47:35.824979,LTC-USD,Litecoin USD,137.08,+3.1669%
2021-07-28 11:47:39.936176,LTC-USD,Litecoin USD,137.08,+3.1669%
2021-07-28 11:47:44.063636,LTC-USD,Litecoin USD,137.08,+3.1669%
2021-07-28 11:47:48.117370,LTC-USD,Litecoin USD,137.08,+3.1669%
2021-07-28 11:47:52.493917,LTC-USD,Litecoin USD,137.08,+3.1669%
2021-07-28 11:47:56.764415,LTC-USD,Litecoin USD,137.08,+3.1669%
2021-07-28 11:48:01.111733,LTC-USD,Litecoin USD,137.08,+3.1669%
2021-07-28 11:48:05.238473,LTC-USD,Litecoin USD,137.08,+3.1669%
2021-07-28 11:48:09.341100,LTC-USD,Litecoin USD,137.08,+3.1669%
2021-07-28 11:48:13.654188,LTC-USD,Litecoin USD,137.07,+3.2155%
2021-07-28 11:48:17.995640,LTC-USD,Litecoin USD,137.07,+3.2155%
2021-07-28 11:48:22.117379,LTC-USD,Litecoin USD,137.07,+3.2155%
2021-07-28 11:48:26.311650,LTC-USD,Litecoin USD,137.07,+3.2155%
2021-07-28 11:48:30.376606,LTC-USD,Litecoin USD,137.07,+3.2155%
2021-07-28 11:48:34.404088,LTC-USD,Litecoin USD,137.07,+3.2155%
2021-07-28 11:48:38.570590,LTC-USD,Litecoin USD,137.07,+3.2155%
2021-07-28 11:48:42.891831,LTC-USD,Litecoin USD,137.07,+3.2155%
2021-07-28 11:48:46.999695,LTC-USD,Litecoin USD,137.07,+3.2155%
2021-07-28 11:48:51.140771,LTC-USD,Litecoin USD,137.07,+3.2155%
2021-07-28 11:48:55.250903,LTC-USD,Litecoin USD,137.07,+3.2155%
2021-07-28 11:48:59.282214,LTC-USD,Litecoin USD,137.07,+3.2155%
2021-07-28 11:49:03.534419,LTC-USD,Litecoin USD,137.07,+3.2155%
2021-07-28 11:49:07.938460,LTC-USD,Litecoin USD,137.07,+3.2155%
2021-07-28 11:49:11.982934,LTC-USD,Litecoin USD,137.07,+3.2155%
2021-07-28 11:49:16.142379,LTC-USD,Litecoin USD,137.07,+3.2155%
2021-07-28 11:49:20.399757,LTC-USD,Litecoin USD,137.17,+3.2532%
2021-07-28 11:49:24.437273,LTC-USD,Litecoin USD,137.17,+3.2532%
2021-07-28 11:49:28.578721,LTC-USD,Litecoin USD,137.17,+3.2532%
2021-07-28 11:49:32.821861,LTC-USD,Litecoin USD,137.17,+3.2532%
2021-07-28 11:49:37.045647,LTC-USD,Litecoin USD,137.17,+3.2532%
2021-07-28 11:49:41.256747,LTC-USD,Litecoin USD,137.17,+3.2532%
2021-07-28 11:49:45.478582,LTC-USD,Litecoin USD,137.17,+3.2532%
2021-07-28 11:49:49.603047,LTC-USD,Litecoin USD,137.17,+3.2532%
2021-07-28 11:49:53.854426,LTC-USD,Litecoin USD,137.17,+3.2532%
2021-07-28 11:49:58.150783,LTC-USD,Litecoin USD,137.17,+3.2532%
2021-07-28 11:50:02.579056,LTC-USD,Litecoin USD,137.17,+3.2532%
2021-07-28 11:50:06.927073,LTC-USD,Litecoin USD,137.17,+3.2532%
2021-07-28 11:50:11.031559,LTC-USD,Litecoin USD,137.17,+3.2532%
2021-07-28 11:50:15.257031,LTC-USD,Litecoin USD,137.28,+3.3403%
2021-07-28 11:50:19.354652,LTC-USD,Litecoin USD,137.28,+3.3403%
2021-07-28 11:50:23.526082,LTC-USD,Litecoin USD,137.28,+3.3403%
2021-07-28 11:50:27.739489,LTC-USD,Litecoin USD,137.28,+3.3403%
2021-07-28 11:50:31.873944,LTC-USD,Litecoin USD,137.28,+3.3403%
2021-07-28 11:50:36.030383,LTC-USD,Litecoin USD,137.28,+3.3403%
2021-07-28 11:50:40.162840,LTC-USD,Litecoin USD,137.28,+3.3403%
2021-07-28 11:50:44.393234,LTC-USD,Litecoin USD,137.28,+3.3403%
2021-07-28 11:50:48.546622,LTC-USD,Litecoin USD,137.28,+3.3403%
2021-07-28 11:50:52.956042,LTC-USD,Litecoin USD,137.28,+3.3403%
2021-07-28 11:50:57.191690,LTC-USD,Litecoin USD,137.28,+3.3403%
2021-07-28 11:51:01.489043,LTC-USD,Litecoin USD,137.28,+3.3403%
2021-07-28 11:51:05.562260,LTC-USD,Litecoin USD,137.28,+3.3403%
2021-07-28 11:51:09.734711,LTC-USD,Litecoin USD,137.28,+3.3403%
2021-07-28 11:51:13.830273,LTC-USD,Litecoin USD,137.21,+3.3726%
2021-07-28 11:51:18.341341,LTC-USD,Litecoin USD,137.21,+3.3726%
2021-07-28 11:51:22.778997,LTC-USD,Litecoin USD,137.21,+3.3726%
2021-07-28 11:51:26.840479,LTC-USD,Litecoin USD,137.21,+3.3726%
2021-07-28 11:51:30.929664,LTC-USD,Litecoin USD,137.21,+3.3726%
2021-07-28 11:51:35.090103,LTC-USD,Litecoin USD,137.21,+3.3726%
2021-07-28 11:51:39.218561,LTC-USD,Litecoin USD,137.21,+3.3726%
2021-07-28 11:51:43.363458,LTC-USD,Litecoin USD,137.21,+3.3726%
2021-07-28 11:51:47.437347,LTC-USD,Litecoin USD,137.21,+3.3726%
2021-07-28 11:51:51.561200,LTC-USD,Litecoin USD,137.21,+3.3726%
2021-07-28 11:51:55.615792,LTC-USD,Litecoin USD,137.21,+3.3726%
2021-07-28 11:51:59.832331,LTC-USD,Litecoin USD,137.21,+3.3726%
2021-07-28 11:52:04.187636,LTC-USD,Litecoin USD,137.21,+3.3726%
2021-07-28 11:52:08.478993,LTC-USD,Litecoin USD,137.21,+3.3726%
2021-07-28 11:52:12.624103,LTC-USD,Litecoin USD,137.21,+3.3726%
2021-07-28 11:52:16.971808,LTC-USD,Litecoin USD,137.12,+3.0223%
2021-07-28 11:52:21.075799,LTC-USD,Litecoin USD,137.12,+3.0223%
2021-07-28 11:52:25.276900,LTC-USD,Litecoin USD,137.12,+3.0223%
2021-07-28 11:52:29.464735,LTC-USD,Litecoin USD,137.12,+3.0223%
2021-07-28 11:52:33.695983,LTC-USD,Litecoin USD,137.12,+3.0223%
2021-07-28 11:52:38.010062,LTC-USD,Litecoin USD,137.12,+3.0223%
2021-07-28 11:52:42.092518,LTC-USD,Litecoin USD,137.12,+3.0223%
2021-07-28 11:52:46.402927,LTC-USD,Litecoin USD,137.12,+3.0223%
2021-07-28 11:52:50.580355,LTC-USD,Litecoin USD,137.12,+3.0223%
2021-07-28 11:52:54.828741,LTC-USD,Litecoin USD,137.12,+3.0223%
2021-07-28 11:52:59.163073,LTC-USD,Litecoin USD,137.12,+3.0223%
2021-07-28 11:53:03.382473,LTC-USD,Litecoin USD,137.12,+3.0223%
2021-07-28 11:53:07.501677,LTC-USD,Litecoin USD,137.12,+3.0223%
2021-07-28 11:53:11.735091,LTC-USD,Litecoin USD,137.12,+3.0223%
2021-07-28 11:53:15.823716,LTC-USD,Litecoin USD,137.04,+2.7592%
2021-07-28 11:53:19.987956,LTC-USD,Litecoin USD,137.04,+2.7592%
2021-07-28 11:53:24.013701,LTC-USD,Litecoin USD,137.04,+2.7592%
2021-07-28 11:53:28.205379,LTC-USD,Litecoin USD,137.04,+2.7592%
2021-07-28 11:53:32.552465,LTC-USD,Litecoin USD,137.04,+2.7592%
2021-07-28 11:53:36.893440,LTC-USD,Litecoin USD,137.04,+2.7592%
2021-07-28 11:53:41.275196,LTC-USD,Litecoin USD,137.04,+2.7592%
2021-07-28 11:53:45.684994,LTC-USD,Litecoin USD,137.04,+2.7592%
2021-07-28 11:53:50.102483,LTC-USD,Litecoin USD,137.04,+2.7592%
2021-07-28 11:53:54.432176,LTC-USD,Litecoin USD,137.04,+2.7592%
2021-07-28 11:53:58.852028,LTC-USD,Litecoin USD,137.04,+2.7592%
2021-07-28 11:54:03.271306,LTC-USD,Litecoin USD,137.04,+2.7592%
2021-07-28 11:54:07.638618,LTC-USD,Litecoin USD,137.04,+2.7592%
2021-07-28 11:54:12.026919,LTC-USD,Litecoin USD,137.04,+2.7592%
2021-07-28 11:54:16.298670,LTC-USD,Litecoin USD,136.83,+2.685%
2021-07-28 11:54:20.471758,LTC-USD,Litecoin USD,136.83,+2.685%
2021-07-28 11:54:24.546426,LTC-USD,Litecoin USD,136.83,+2.685%
2021-07-28 11:54:28.784377,LTC-USD,Litecoin USD,136.83,+2.685%
2021-07-28 11:54:32.970073,LTC-USD,Litecoin USD,136.83,+2.685%
2021-07-28 11:54:37.109711,LTC-USD,Litecoin USD,136.83,+2.685%
2021-07-28 11:54:41.207853,LTC-USD,Litecoin USD,136.83,+2.685%
2021-07-28 11:54:45.306991,LTC-USD,Litecoin USD,136.83,+2.685%
2021-07-28 11:54:49.507261,LTC-USD,Litecoin USD,136.83,+2.685%
2021-07-28 11:54:53.737121,LTC-USD,Litecoin USD,136.83,+2.685%
2021-07-28 11:54:57.945901,LTC-USD,Litecoin USD,136.83,+2.685%
2021-07-28 11:55:02.167302,LTC-USD,Litecoin USD,136.83,+2.685%
2021-07-28 11:55:06.281984,LTC-USD,Litecoin USD,136.83,+2.685%
2021-07-28 11:55:10.516825,LTC-USD,Litecoin USD,136.83,+2.685%
2021-07-28 11:55:14.958090,LTC-USD,Litecoin USD,136.79,+2.5155%
2021-07-28 11:55:19.143152,LTC-USD,Litecoin USD,136.79,+2.5155%
2021-07-28 11:55:23.451501,LTC-USD,Litecoin USD,136.79,+2.5155%
2021-07-28 11:55:27.498771,LTC-USD,Litecoin USD,136.79,+2.5155%
2021-07-28 11:55:31.638868,LTC-USD,Litecoin USD,136.79,+2.5155%
2021-07-28 11:55:35.921065,LTC-USD,Litecoin USD,136.79,+2.5155%
2021-07-28 11:55:39.999015,LTC-USD,Litecoin USD,136.79,+2.5155%
2021-07-28 11:55:44.080412,LTC-USD,Litecoin USD,136.79,+2.5155%
2021-07-28 11:55:48.265289,LTC-USD,Litecoin USD,136.79,+2.5155%
2021-07-28 11:55:52.326272,LTC-USD,Litecoin USD,136.79,+2.5155%
2021-07-28 11:55:56.634696,LTC-USD,Litecoin USD,136.79,+2.5155%
2021-07-28 11:56:01.057402,LTC-USD,Litecoin USD,136.79,+2.5155%
2021-07-28 11:56:05.263443,LTC-USD,Litecoin USD,136.79,+2.5155%
2021-07-28 11:56:09.526711,LTC-USD,Litecoin USD,136.79,+2.5155%
2021-07-28 11:56:13.753985,LTC-USD,Litecoin USD,136.79,+2.5155%
2021-07-28 11:56:18.233681,LTC-USD,Litecoin USD,136.65,+2.4948%
2021-07-28 11:56:22.240755,LTC-USD,Litecoin USD,136.65,+2.4948%
2021-07-28 11:56:26.287222,LTC-USD,Litecoin USD,136.65,+2.4948%
2021-07-28 11:56:30.332715,LTC-USD,Litecoin USD,136.65,+2.4948%
2021-07-28 11:56:34.450760,LTC-USD,Litecoin USD,136.65,+2.4948%
2021-07-28 11:56:38.743791,LTC-USD,Litecoin USD,136.65,+2.4948%
2021-07-28 11:56:42.900210,LTC-USD,Litecoin USD,136.65,+2.4948%
2021-07-28 11:56:47.007524,LTC-USD,Litecoin USD,136.65,+2.4948%
2021-07-28 11:56:51.080580,LTC-USD,Litecoin USD,136.65,+2.4948%
2021-07-28 11:56:55.315971,LTC-USD,Litecoin USD,136.65,+2.4948%
2021-07-28 11:56:59.538371,LTC-USD,Litecoin USD,136.65,+2.4948%
2021-07-28 11:57:03.705444,LTC-USD,Litecoin USD,136.65,+2.4948%
2021-07-28 11:57:07.789969,LTC-USD,Litecoin USD,136.65,+2.4948%
2021-07-28 11:57:11.909964,LTC-USD,Litecoin USD,136.65,+2.4948%
2021-07-28 11:57:15.998822,LTC-USD,Litecoin USD,136.78,+2.5992%
2021-07-28 11:57:20.114614,LTC-USD,Litecoin USD,136.78,+2.5992%
2021-07-28 11:57:24.247314,LTC-USD,Litecoin USD,136.78,+2.5992%
2021-07-28 11:57:28.620676,LTC-USD,Litecoin USD,136.78,+2.5992%
2021-07-28 11:57:32.734144,LTC-USD,Litecoin USD,136.78,+2.5992%
2021-07-28 11:57:36.789473,LTC-USD,Litecoin USD,136.78,+2.5992%
2021-07-28 11:57:40.778585,LTC-USD,Litecoin USD,136.78,+2.5992%
2021-07-28 11:57:44.830543,LTC-USD,Litecoin USD,136.78,+2.5992%
2021-07-28 11:57:48.911402,LTC-USD,Litecoin USD,136.78,+2.5992%
2021-07-28 11:57:53.280119,LTC-USD,Litecoin USD,136.78,+2.5992%
2021-07-28 11:57:57.471479,LTC-USD,Litecoin USD,136.78,+2.5992%
2021-07-28 11:58:01.730341,LTC-USD,Litecoin USD,136.78,+2.5992%
2021-07-28 11:58:05.897216,LTC-USD,Litecoin USD,136.78,+2.5992%
2021-07-28 11:58:09.952402,LTC-USD,Litecoin USD,136.78,+2.5992%
2021-07-28 11:58:14.355871,LTC-USD,Litecoin USD,136.93,+2.7402%
2021-07-28 11:58:18.655668,LTC-USD,Litecoin USD,136.93,+2.7402%
2021-07-28 11:58:22.769508,LTC-USD,Litecoin USD,136.93,+2.7402%
2021-07-28 11:58:26.868609,LTC-USD,Litecoin USD,136.93,+2.7402%
2021-07-28 11:58:30.971525,LTC-USD,Litecoin USD,136.93,+2.7402%
2021-07-28 11:58:35.136940,LTC-USD,Litecoin USD,136.93,+2.7402%
2021-07-28 11:58:39.328513,LTC-USD,Litecoin USD,136.93,+2.7402%
2021-07-28 11:58:43.751380,LTC-USD,Litecoin USD,136.93,+2.7402%
2021-07-28 11:58:47.884793,LTC-USD,Litecoin USD,136.93,+2.7402%
2021-07-28 11:58:51.984078,LTC-USD,Litecoin USD,136.93,+2.7402%
2021-07-28 11:58:56.034585,LTC-USD,Litecoin USD,136.93,+2.7402%
2021-07-28 11:59:00.119068,LTC-USD,Litecoin USD,136.93,+2.7402%
2021-07-28 11:59:04.134408,LTC-USD,Litecoin USD,136.93,+2.7402%
2021-07-28 11:59:08.419729,LTC-USD,Litecoin USD,136.93,+2.7402%
2021-07-28 11:59:12.567374,LTC-USD,Litecoin USD,136.93,+2.7402%
2021-07-28 11:59:16.764664,LTC-USD,Litecoin USD,137.02,+2.82%
2021-07-28 11:59:20.993535,LTC-USD,Litecoin USD,137.02,+2.82%
2021-07-28 11:59:25.087721,LTC-USD,Litecoin USD,137.02,+2.82%
2021-07-28 11:59:29.606940,LTC-USD,Litecoin USD,137.02,+2.82%
2021-07-28 11:59:34.029923,LTC-USD,Litecoin USD,137.02,+2.82%
2021-07-28 11:59:38.387605,LTC-USD,Litecoin USD,137.02,+2.82%
2021-07-28 11:59:42.701347,LTC-USD,Litecoin USD,137.02,+2.82%
2021-07-28 11:59:46.877949,LTC-USD,Litecoin USD,137.02,+2.82%
2021-07-28 11:59:50.994113,LTC-USD,Litecoin USD,137.02,+2.82%
2021-07-28 11:59:55.069596,LTC-USD,Litecoin USD,137.02,+2.82%
2021-07-28 11:59:59.420934,LTC-USD,Litecoin USD,137.02,+2.82%
2021-07-28 12:00:03.742031,LTC-USD,Litecoin USD,137.02,+2.82%
2021-07-28 12:00:07.811740,LTC-USD,Litecoin USD,137.02,+2.82%
2021-07-28 12:00:11.887247,LTC-USD,Litecoin USD,137.02,+2.82%
2021-07-28 12:00:16.041870,LTC-USD,Litecoin USD,137.02,+2.82%
2021-07-28 12:00:20.321722,LTC-USD,Litecoin USD,137.02,+2.82%
2021-07-28 12:00:24.504624,LTC-USD,Litecoin USD,137.2,+2.8508%
2021-07-28 12:00:28.746470,LTC-USD,Litecoin USD,137.2,+2.8508%
2021-07-28 12:00:32.993366,LTC-USD,Litecoin USD,137.2,+2.8508%
2021-07-28 12:00:37.108396,LTC-USD,Litecoin USD,137.2,+2.8508%
2021-07-28 12:00:41.237131,LTC-USD,Litecoin USD,137.2,+2.8508%
2021-07-28 12:00:45.317880,LTC-USD,Litecoin USD,137.2,+2.8508%
2021-07-28 12:00:49.614717,LTC-USD,Litecoin USD,137.2,+2.8508%
2021-07-28 12:00:53.846656,LTC-USD,Litecoin USD,137.2,+2.8508%
2021-07-28 12:00:57.868283,LTC-USD,Litecoin USD,137.2,+2.8508%
2021-07-28 12:01:02.029722,LTC-USD,Litecoin USD,137.2,+2.8508%
2021-07-28 12:01:06.164654,LTC-USD,Litecoin USD,137.2,+2.8508%
2021-07-28 12:01:10.197647,LTC-USD,Litecoin USD,137.2,+2.8508%
2021-07-28 12:01:14.665164,LTC-USD,Litecoin USD,137.3,+2.934%
2021-07-28 12:01:18.897337,LTC-USD,Litecoin USD,137.3,+2.934%
2021-07-28 12:01:23.045854,LTC-USD,Litecoin USD,137.3,+2.934%
2021-07-28 12:01:27.164648,LTC-USD,Litecoin USD,137.3,+2.934%
2021-07-28 12:01:31.313292,LTC-USD,Litecoin USD,137.3,+2.934%
2021-07-28 12:01:35.505937,LTC-USD,Litecoin USD,137.3,+2.934%
2021-07-28 12:01:39.836283,LTC-USD,Litecoin USD,137.3,+2.934%
2021-07-28 12:01:44.125100,LTC-USD,Litecoin USD,137.3,+2.934%
2021-07-28 12:01:48.237592,LTC-USD,Litecoin USD,137.3,+2.934%
2021-07-28 12:01:52.394864,LTC-USD,Litecoin USD,137.3,+2.934%
2021-07-28 12:01:56.585284,LTC-USD,Litecoin USD,137.3,+2.934%
2021-07-28 12:02:00.810683,LTC-USD,Litecoin USD,137.3,+2.934%
2021-07-28 12:02:05.137415,LTC-USD,Litecoin USD,137.3,+2.934%
2021-07-28 12:02:09.266469,LTC-USD,Litecoin USD,137.3,+2.934%
2021-07-28 12:02:13.392980,LTC-USD,Litecoin USD,137.3,+2.934%
2021-07-28 12:02:17.608221,LTC-USD,Litecoin USD,137.16,+2.8289%
2021-07-28 12:02:21.592176,LTC-USD,Litecoin USD,137.16,+2.8289%
2021-07-28 12:02:25.996904,LTC-USD,Litecoin USD,137.16,+2.8289%
2021-07-28 12:02:30.085105,LTC-USD,Litecoin USD,137.16,+2.8289%
2021-07-28 12:02:34.197094,LTC-USD,Litecoin USD,137.16,+2.8289%
2021-07-28 12:02:38.541956,LTC-USD,Litecoin USD,137.16,+2.8289%
2021-07-28 12:02:42.680575,LTC-USD,Litecoin USD,137.16,+2.8289%
2021-07-28 12:02:46.853359,LTC-USD,Litecoin USD,137.16,+2.8289%
2021-07-28 12:02:51.111976,LTC-USD,Litecoin USD,137.16,+2.8289%
2021-07-28 12:02:55.323025,LTC-USD,Litecoin USD,137.16,+2.8289%
2021-07-28 12:02:59.758295,LTC-USD,Litecoin USD,137.16,+2.8289%
2021-07-28 12:03:04.230543,LTC-USD,Litecoin USD,137.16,+2.8289%
2021-07-28 12:03:08.881680,LTC-USD,Litecoin USD,137.16,+2.8289%
2021-07-28 12:03:13.232001,LTC-USD,Litecoin USD,137.16,+2.8289%
2021-07-28 12:03:17.714241,LTC-USD,Litecoin USD,137.06,+2.4461%
2021-07-28 12:03:22.227463,LTC-USD,Litecoin USD,137.06,+2.4461%
2021-07-28 12:03:26.766668,LTC-USD,Litecoin USD,137.06,+2.4461%
2021-07-28 12:03:31.224923,LTC-USD,Litecoin USD,137.06,+2.4461%
2021-07-28 12:03:35.851076,LTC-USD,Litecoin USD,137.06,+2.4461%
2021-07-28 12:03:40.346308,LTC-USD,Litecoin USD,137.06,+2.4461%
2021-07-28 12:03:44.870522,LTC-USD,Litecoin USD,137.06,+2.4461%
2021-07-28 12:03:49.466693,LTC-USD,Litecoin USD,137.06,+2.4461%
2021-07-28 12:03:53.937943,LTC-USD,Litecoin USD,137.06,+2.4461%
2021-07-28 12:03:58.381206,LTC-USD,Litecoin USD,137.06,+2.4461%
2021-07-28 12:04:02.925407,LTC-USD,Litecoin USD,137.06,+2.4461%
2021-07-28 12:04:07.331694,LTC-USD,Litecoin USD,137.06,+2.4461%
2021-07-28 12:04:11.855910,LTC-USD,Litecoin USD,137.06,+2.4461%
2021-07-28 12:04:16.306170,LTC-USD,Litecoin USD,137.22,+2.5814%
2021-07-28 12:04:20.855369,LTC-USD,Litecoin USD,137.22,+2.5814%
2021-07-28 12:04:25.198694,LTC-USD,Litecoin USD,137.22,+2.5814%
2021-07-28 12:04:29.806860,LTC-USD,Litecoin USD,137.22,+2.5814%
2021-07-28 12:04:34.179166,LTC-USD,Litecoin USD,137.22,+2.5814%
2021-07-28 12:04:38.437409,LTC-USD,Litecoin USD,137.22,+2.5814%
2021-07-28 12:04:42.667120,LTC-USD,Litecoin USD,137.22,+2.5814%
2021-07-28 12:04:46.749160,LTC-USD,Litecoin USD,137.22,+2.5814%
2021-07-28 12:04:50.859936,LTC-USD,Litecoin USD,137.22,+2.5814%
2021-07-28 12:04:54.998793,LTC-USD,Litecoin USD,137.22,+2.5814%
2021-07-28 12:04:59.341900,LTC-USD,Litecoin USD,137.22,+2.5814%
2021-07-28 12:05:03.580291,LTC-USD,Litecoin USD,137.22,+2.5814%
2021-07-28 12:05:07.767200,LTC-USD,Litecoin USD,137.22,+2.5814%
2021-07-28 12:05:11.905649,LTC-USD,Litecoin USD,137.22,+2.5814%
2021-07-28 12:05:15.996130,LTC-USD,Litecoin USD,137.41,+2.7662%
2021-07-28 12:05:20.132967,LTC-USD,Litecoin USD,137.41,+2.7662%
2021-07-28 12:05:24.406334,LTC-USD,Litecoin USD,137.41,+2.7662%
2021-07-28 12:05:28.432898,LTC-USD,Litecoin USD,137.41,+2.7662%
2021-07-28 12:05:32.622317,LTC-USD,Litecoin USD,137.41,+2.7662%
2021-07-28 12:05:36.729787,LTC-USD,Litecoin USD,137.41,+2.7662%
2021-07-28 12:05:40.792367,LTC-USD,Litecoin USD,137.41,+2.7662%
2021-07-28 12:05:44.958801,LTC-USD,Litecoin USD,137.41,+2.7662%
2021-07-28 12:05:49.183073,LTC-USD,Litecoin USD,137.41,+2.7662%
2021-07-28 12:05:53.342481,LTC-USD,Litecoin USD,137.41,+2.7662%
2021-07-28 12:05:57.575796,LTC-USD,Litecoin USD,137.41,+2.7662%
2021-07-28 12:06:01.785580,LTC-USD,Litecoin USD,137.41,+2.7662%
2021-07-28 12:06:06.024049,LTC-USD,Litecoin USD,137.41,+2.7662%
2021-07-28 12:06:10.245601,LTC-USD,Litecoin USD,137.41,+2.7662%
2021-07-28 12:06:15.029890,LTC-USD,Litecoin USD,137.41,+2.7662%
2021-07-28 12:06:19.396034,LTC-USD,Litecoin USD,137.41,+2.745%
2021-07-28 12:06:23.642587,LTC-USD,Litecoin USD,137.41,+2.745%
2021-07-28 12:06:27.793449,LTC-USD,Litecoin USD,137.41,+2.745%
2021-07-28 12:06:32.012898,LTC-USD,Litecoin USD,137.41,+2.745%
2021-07-28 12:06:36.212750,LTC-USD,Litecoin USD,137.41,+2.745%
2021-07-28 12:06:40.401286,LTC-USD,Litecoin USD,137.41,+2.745%
2021-07-28 12:06:44.746609,LTC-USD,Litecoin USD,137.41,+2.745%
2021-07-28 12:06:48.918744,LTC-USD,Litecoin USD,137.41,+2.745%
2021-07-28 12:06:53.176436,LTC-USD,Litecoin USD,137.41,+2.745%
2021-07-28 12:06:57.237934,LTC-USD,Litecoin USD,137.41,+2.745%
2021-07-28 12:07:01.394513,LTC-USD,Litecoin USD,137.41,+2.745%
2021-07-28 12:07:05.535687,LTC-USD,Litecoin USD,137.41,+2.745%
2021-07-28 12:07:09.847500,LTC-USD,Litecoin USD,137.41,+2.745%
2021-07-28 12:07:14.444796,LTC-USD,Litecoin USD,137.5,+2.7578%
2021-07-28 12:07:18.644615,LTC-USD,Litecoin USD,137.5,+2.7578%
2021-07-28 12:07:22.813322,LTC-USD,Litecoin USD,137.5,+2.7578%
2021-07-28 12:07:26.935591,LTC-USD,Litecoin USD,137.5,+2.7578%
2021-07-28 12:07:31.089765,LTC-USD,Litecoin USD,137.5,+2.7578%
2021-07-28 12:07:35.306662,LTC-USD,Litecoin USD,137.5,+2.7578%
2021-07-28 12:07:39.625365,LTC-USD,Litecoin USD,137.5,+2.7578%
2021-07-28 12:07:43.704433,LTC-USD,Litecoin USD,137.5,+2.7578%
2021-07-28 12:07:47.815623,LTC-USD,Litecoin USD,137.5,+2.7578%
2021-07-28 12:07:51.978958,LTC-USD,Litecoin USD,137.5,+2.7578%
2021-07-28 12:07:56.009609,LTC-USD,Litecoin USD,137.5,+2.7578%
2021-07-28 12:08:00.175045,LTC-USD,Litecoin USD,137.5,+2.7578%
2021-07-28 12:08:04.364730,LTC-USD,Litecoin USD,137.5,+2.7578%
2021-07-28 12:08:08.478015,LTC-USD,Litecoin USD,137.5,+2.7578%
2021-07-28 12:08:12.463179,LTC-USD,Litecoin USD,137.5,+2.7578%
2021-07-28 12:08:16.639034,LTC-USD,Litecoin USD,137.4,+2.6008%
2021-07-28 12:08:20.848886,LTC-USD,Litecoin USD,137.4,+2.6008%
2021-07-28 12:08:25.047535,LTC-USD,Litecoin USD,137.4,+2.6008%
2021-07-28 12:08:29.245133,LTC-USD,Litecoin USD,137.4,+2.6008%
2021-07-28 12:08:33.377631,LTC-USD,Litecoin USD,137.4,+2.6008%
2021-07-28 12:08:37.405497,LTC-USD,Litecoin USD,137.4,+2.6008%
2021-07-28 12:08:41.565488,LTC-USD,Litecoin USD,137.4,+2.6008%
2021-07-28 12:08:45.723175,LTC-USD,Litecoin USD,137.4,+2.6008%
2021-07-28 12:08:49.846842,LTC-USD,Litecoin USD,137.4,+2.6008%
2021-07-28 12:08:53.976302,LTC-USD,Litecoin USD,137.4,+2.6008%
2021-07-28 12:08:58.115760,LTC-USD,Litecoin USD,137.4,+2.6008%
2021-07-28 12:09:02.393968,LTC-USD,Litecoin USD,137.4,+2.6008%
2021-07-28 12:09:06.655853,LTC-USD,Litecoin USD,137.4,+2.6008%
2021-07-28 12:09:10.914548,LTC-USD,Litecoin USD,137.4,+2.6008%
2021-07-28 12:09:15.241004,LTC-USD,Litecoin USD,137.22,+2.4644%
2021-07-28 12:09:19.458085,LTC-USD,Litecoin USD,137.22,+2.4644%
2021-07-28 12:09:23.658451,LTC-USD,Litecoin USD,137.22,+2.4644%
2021-07-28 12:09:27.817075,LTC-USD,Litecoin USD,137.22,+2.4644%
2021-07-28 12:09:32.053172,LTC-USD,Litecoin USD,137.22,+2.4644%
2021-07-28 12:09:36.218171,LTC-USD,Litecoin USD,137.22,+2.4644%
2021-07-28 12:09:40.279521,LTC-USD,Litecoin USD,137.22,+2.4644%
2021-07-28 12:09:44.512492,LTC-USD,Litecoin USD,137.22,+2.4644%
2021-07-28 12:09:48.668933,LTC-USD,Litecoin USD,137.22,+2.4644%
2021-07-28 12:09:52.727647,LTC-USD,Litecoin USD,137.22,+2.4644%
2021-07-28 12:09:56.910496,LTC-USD,Litecoin USD,137.22,+2.4644%
2021-07-28 12:10:01.288796,LTC-USD,Litecoin USD,137.22,+2.4644%
2021-07-28 12:10:05.541114,LTC-USD,Litecoin USD,137.22,+2.4644%
2021-07-28 12:10:09.843465,LTC-USD,Litecoin USD,137.22,+2.4644%
2021-07-28 12:10:14.068858,LTC-USD,Litecoin USD,137.27,+2.4685%
2021-07-28 12:10:18.445976,LTC-USD,Litecoin USD,137.27,+2.4685%
2021-07-28 12:10:22.509479,LTC-USD,Litecoin USD,137.27,+2.4685%
2021-07-28 12:10:26.565893,LTC-USD,Litecoin USD,137.27,+2.4685%
2021-07-28 12:10:30.591818,LTC-USD,Litecoin USD,137.27,+2.4685%
2021-07-28 12:10:34.840499,LTC-USD,Litecoin USD,137.27,+2.4685%
2021-07-28 12:10:38.963046,LTC-USD,Litecoin USD,137.27,+2.4685%
2021-07-28 12:10:43.047958,LTC-USD,Litecoin USD,137.27,+2.4685%
2021-07-28 12:10:47.127081,LTC-USD,Litecoin USD,137.27,+2.4685%
2021-07-28 12:10:51.205547,LTC-USD,Litecoin USD,137.27,+2.4685%
2021-07-28 12:10:55.262350,LTC-USD,Litecoin USD,137.27,+2.4685%
2021-07-28 12:10:59.522829,LTC-USD,Litecoin USD,137.27,+2.4685%
2021-07-28 12:11:03.734930,LTC-USD,Litecoin USD,137.27,+2.4685%
2021-07-28 12:11:07.885490,LTC-USD,Litecoin USD,137.27,+2.4685%
2021-07-28 12:11:11.922597,LTC-USD,Litecoin USD,137.27,+2.4685%
2021-07-28 12:11:16.002309,LTC-USD,Litecoin USD,137.28,+2.4828%
2021-07-28 12:11:20.206101,LTC-USD,Litecoin USD,137.28,+2.4828%
2021-07-28 12:11:24.422514,LTC-USD,Litecoin USD,137.28,+2.4828%
2021-07-28 12:11:28.536119,LTC-USD,Litecoin USD,137.28,+2.4828%
2021-07-28 12:11:32.759563,LTC-USD,Litecoin USD,137.28,+2.4828%
2021-07-28 12:11:36.941090,LTC-USD,Litecoin USD,137.28,+2.4828%
2021-07-28 12:11:41.043789,LTC-USD,Litecoin USD,137.28,+2.4828%
2021-07-28 12:11:45.245579,LTC-USD,Litecoin USD,137.28,+2.4828%
2021-07-28 12:11:49.444991,LTC-USD,Litecoin USD,137.28,+2.4828%
2021-07-28 12:11:53.660087,LTC-USD,Litecoin USD,137.28,+2.4828%
2021-07-28 12:11:57.633178,LTC-USD,Litecoin USD,137.28,+2.4828%
2021-07-28 12:12:02.132341,LTC-USD,Litecoin USD,137.28,+2.4828%
2021-07-28 12:12:06.305269,LTC-USD,Litecoin USD,137.28,+2.4828%
2021-07-28 12:12:10.325400,LTC-USD,Litecoin USD,137.28,+2.4828%
2021-07-28 12:12:15.036177,LTC-USD,Litecoin USD,137.31,+2.4293%
2021-07-28 12:12:19.098310,LTC-USD,Litecoin USD,137.31,+2.4293%
2021-07-28 12:12:23.229264,LTC-USD,Litecoin USD,137.31,+2.4293%
2021-07-28 12:12:27.260667,LTC-USD,Litecoin USD,137.31,+2.4293%
2021-07-28 12:12:31.447067,LTC-USD,Litecoin USD,137.31,+2.4293%
2021-07-28 12:12:35.546913,LTC-USD,Litecoin USD,137.31,+2.4293%
2021-07-28 12:12:39.826156,LTC-USD,Litecoin USD,137.31,+2.4293%
2021-07-28 12:12:43.883494,LTC-USD,Litecoin USD,137.31,+2.4293%
2021-07-28 12:12:48.090857,LTC-USD,Litecoin USD,137.31,+2.4293%
2021-07-28 12:12:52.200326,LTC-USD,Litecoin USD,137.31,+2.4293%
2021-07-28 12:12:56.569399,LTC-USD,Litecoin USD,137.31,+2.4293%
2021-07-28 12:13:00.930712,LTC-USD,Litecoin USD,137.31,+2.4293%
2021-07-28 12:13:05.321011,LTC-USD,Litecoin USD,137.31,+2.4293%
2021-07-28 12:13:09.597654,LTC-USD,Litecoin USD,137.31,+2.4293%
2021-07-28 12:13:13.749498,LTC-USD,Litecoin USD,137.41,+2.4917%
2021-07-28 12:13:18.213749,LTC-USD,Litecoin USD,137.41,+2.4917%
2021-07-28 12:13:22.320219,LTC-USD,Litecoin USD,137.41,+2.4917%
2021-07-28 12:13:26.328863,LTC-USD,Litecoin USD,137.41,+2.4917%
2021-07-28 12:13:30.698576,LTC-USD,Litecoin USD,137.41,+2.4917%
2021-07-28 12:13:34.997202,LTC-USD,Litecoin USD,137.41,+2.4917%
2021-07-28 12:13:39.361307,LTC-USD,Litecoin USD,137.41,+2.4917%
2021-07-28 12:13:44.279454,LTC-USD,Litecoin USD,137.41,+2.4917%
2021-07-28 12:13:48.939104,LTC-USD,Litecoin USD,137.41,+2.4917%
2021-07-28 12:13:53.124528,LTC-USD,Litecoin USD,137.41,+2.4917%
2021-07-28 12:13:57.376910,LTC-USD,Litecoin USD,137.41,+2.4917%
2021-07-28 12:14:01.769206,LTC-USD,Litecoin USD,137.41,+2.4917%
2021-07-28 12:14:06.019589,LTC-USD,Litecoin USD,137.41,+2.4917%
2021-07-28 12:14:10.354919,LTC-USD,Litecoin USD,137.41,+2.4917%
2021-07-28 12:14:15.338940,LTC-USD,Litecoin USD,137.45,+2.4273%
2021-07-28 12:14:20.132988,LTC-USD,Litecoin USD,137.45,+2.4273%
2021-07-28 12:14:24.898655,LTC-USD,Litecoin USD,137.45,+2.4273%
2021-07-28 12:14:29.056773,LTC-USD,Litecoin USD,137.45,+2.4273%
2021-07-28 12:14:33.277177,LTC-USD,Litecoin USD,137.45,+2.4273%
2021-07-28 12:14:37.442340,LTC-USD,Litecoin USD,137.45,+2.4273%
2021-07-28 12:14:41.506102,LTC-USD,Litecoin USD,137.45,+2.4273%
2021-07-28 12:14:46.436387,LTC-USD,Litecoin USD,137.45,+2.4273%
2021-07-28 12:14:51.187624,LTC-USD,Litecoin USD,137.45,+2.4273%
2021-07-28 12:14:55.877779,LTC-USD,Litecoin USD,137.45,+2.4273%
2021-07-28 12:15:00.425012,LTC-USD,Litecoin USD,137.45,+2.4273%
2021-07-28 12:15:04.784143,LTC-USD,Litecoin USD,137.45,+2.4273%
2021-07-28 12:15:09.056702,LTC-USD,Litecoin USD,137.45,+2.4273%
2021-07-28 12:15:13.426531,LTC-USD,Litecoin USD,137.45,+2.4273%
2021-07-28 12:15:17.695813,LTC-USD,Litecoin USD,137.52,+2.4487%
2021-07-28 12:15:21.845608,LTC-USD,Litecoin USD,137.52,+2.4487%
2021-07-28 12:15:26.196289,LTC-USD,Litecoin USD,137.52,+2.4487%
2021-07-28 12:15:30.453394,LTC-USD,Litecoin USD,137.52,+2.4487%
2021-07-28 12:15:34.624415,LTC-USD,Litecoin USD,137.52,+2.4487%
2021-07-28 12:15:38.941252,LTC-USD,Litecoin USD,137.52,+2.4487%
2021-07-28 12:15:43.125293,LTC-USD,Litecoin USD,137.52,+2.4487%
2021-07-28 12:15:47.295292,LTC-USD,Litecoin USD,137.52,+2.4487%
2021-07-28 12:15:51.393787,LTC-USD,Litecoin USD,137.52,+2.4487%
2021-07-28 12:15:55.674652,LTC-USD,Litecoin USD,137.52,+2.4487%
2021-07-28 12:16:00.025369,LTC-USD,Litecoin USD,137.52,+2.4487%
2021-07-28 12:16:04.278240,LTC-USD,Litecoin USD,137.52,+2.4487%
2021-07-28 12:16:08.613782,LTC-USD,Litecoin USD,137.52,+2.4487%
2021-07-28 12:16:12.813360,LTC-USD,Litecoin USD,137.52,+2.4487%
2021-07-28 12:16:16.848983,LTC-USD,Litecoin USD,137.6,+2.4767%
2021-07-28 12:16:20.893383,LTC-USD,Litecoin USD,137.6,+2.4767%
2021-07-28 12:16:25.259073,LTC-USD,Litecoin USD,137.6,+2.4767%
2021-07-28 12:16:29.536180,LTC-USD,Litecoin USD,137.6,+2.4767%
2021-07-28 12:16:33.712825,LTC-USD,Litecoin USD,137.6,+2.4767%
2021-07-28 12:16:37.797573,LTC-USD,Litecoin USD,137.6,+2.4767%
2021-07-28 12:16:41.964850,LTC-USD,Litecoin USD,137.6,+2.4767%
2021-07-28 12:16:46.154898,LTC-USD,Litecoin USD,137.6,+2.4767%
2021-07-28 12:16:50.533422,LTC-USD,Litecoin USD,137.6,+2.4767%
2021-07-28 12:16:54.715135,LTC-USD,Litecoin USD,137.6,+2.4767%
2021-07-28 12:16:58.973588,LTC-USD,Litecoin USD,137.6,+2.4767%
2021-07-28 12:17:03.110081,LTC-USD,Litecoin USD,137.6,+2.4767%
2021-07-28 12:17:07.369678,LTC-USD,Litecoin USD,137.6,+2.4767%
2021-07-28 12:17:11.507990,LTC-USD,Litecoin USD,137.6,+2.4767%
2021-07-28 12:17:15.708274,LTC-USD,Litecoin USD,137.6,+2.4767%
2021-07-28 12:17:19.814988,LTC-USD,Litecoin USD,137.6,+2.4767%
2021-07-28 12:17:24.024184,LTC-USD,Litecoin USD,137.6,+2.4767%
2021-07-28 12:17:28.117901,LTC-USD,Litecoin USD,137.6,+2.4767%
2021-07-28 12:17:32.209889,LTC-USD,Litecoin USD,137.6,+2.4767%
2021-07-28 12:17:36.329629,LTC-USD,Litecoin USD,137.6,+2.4767%
2021-07-28 12:17:40.660834,LTC-USD,Litecoin USD,137.6,+2.4767%
2021-07-28 12:17:44.794207,LTC-USD,Litecoin USD,137.6,+2.4767%
2021-07-28 12:17:49.108718,LTC-USD,Litecoin USD,137.6,+2.4767%
2021-07-28 12:17:53.405100,LTC-USD,Litecoin USD,137.6,+2.4767%
2021-07-28 12:17:57.536059,LTC-USD,Litecoin USD,137.6,+2.4767%
2021-07-28 12:18:01.806579,LTC-USD,Litecoin USD,137.6,+2.4767%
2021-07-28 12:18:05.931189,LTC-USD,Litecoin USD,137.6,+2.4767%
2021-07-28 12:18:10.193960,LTC-USD,Litecoin USD,137.6,+2.4767%
2021-07-28 12:18:14.681065,LTC-USD,Litecoin USD,137.61,+2.61%
2021-07-28 12:18:18.806441,LTC-USD,Litecoin USD,137.61,+2.61%
2021-07-28 12:18:23.072745,LTC-USD,Litecoin USD,137.61,+2.61%
2021-07-28 12:18:27.144062,LTC-USD,Litecoin USD,137.61,+2.61%
2021-07-28 12:18:31.162874,LTC-USD,Litecoin USD,137.61,+2.61%
2021-07-28 12:18:35.536370,LTC-USD,Litecoin USD,137.61,+2.61%
2021-07-28 12:18:39.698213,LTC-USD,Litecoin USD,137.61,+2.61%
2021-07-28 12:18:43.778123,LTC-USD,Litecoin USD,137.61,+2.61%
2021-07-28 12:18:47.957029,LTC-USD,Litecoin USD,137.61,+2.61%
2021-07-28 12:18:52.113480,LTC-USD,Litecoin USD,137.61,+2.61%
2021-07-28 12:18:56.338255,LTC-USD,Litecoin USD,137.61,+2.61%
2021-07-28 12:19:00.780612,LTC-USD,Litecoin USD,137.61,+2.61%
2021-07-28 12:19:05.004666,LTC-USD,Litecoin USD,137.61,+2.61%
2021-07-28 12:19:09.406101,LTC-USD,Litecoin USD,137.61,+2.61%
2021-07-28 12:19:13.605773,LTC-USD,Litecoin USD,137.61,+2.61%
2021-07-28 12:19:17.773534,LTC-USD,Litecoin USD,137.56,+2.6377%
2021-07-28 12:19:21.935901,LTC-USD,Litecoin USD,137.56,+2.6377%
2021-07-28 12:19:26.127712,LTC-USD,Litecoin USD,137.56,+2.6377%
2021-07-28 12:19:30.606684,LTC-USD,Litecoin USD,137.56,+2.6377%
2021-07-28 12:19:35.760303,LTC-USD,Litecoin USD,137.56,+2.6377%
2021-07-28 12:19:40.248382,LTC-USD,Litecoin USD,137.56,+2.6377%
2021-07-28 12:19:44.568818,LTC-USD,Litecoin USD,137.56,+2.6377%
2021-07-28 12:19:48.735158,LTC-USD,Litecoin USD,137.56,+2.6377%
2021-07-28 12:19:52.811682,LTC-USD,Litecoin USD,137.56,+2.6377%
2021-07-28 12:19:56.878256,LTC-USD,Litecoin USD,137.56,+2.6377%
2021-07-28 12:20:01.225102,LTC-USD,Litecoin USD,137.56,+2.6377%
2021-07-28 12:20:05.662868,LTC-USD,Litecoin USD,137.56,+2.6377%
2021-07-28 12:20:09.907208,LTC-USD,Litecoin USD,137.56,+2.6377%
2021-07-28 12:20:14.223186,LTC-USD,Litecoin USD,137.57,+2.6499%
2021-07-28 12:20:19.149225,LTC-USD,Litecoin USD,137.57,+2.6499%
2021-07-28 12:20:23.565573,LTC-USD,Litecoin USD,137.57,+2.6499%
2021-07-28 12:20:27.655854,LTC-USD,Litecoin USD,137.57,+2.6499%
2021-07-28 12:20:31.881811,LTC-USD,Litecoin USD,137.57,+2.6499%
2021-07-28 12:20:36.351911,LTC-USD,Litecoin USD,137.57,+2.6499%
2021-07-28 12:20:40.717561,LTC-USD,Litecoin USD,137.57,+2.6499%
2021-07-28 12:20:45.005854,LTC-USD,Litecoin USD,137.57,+2.6499%
2021-07-28 12:20:49.179908,LTC-USD,Litecoin USD,137.57,+2.6499%
2021-07-28 12:20:53.353201,LTC-USD,Litecoin USD,137.57,+2.6499%
2021-07-28 12:20:57.440977,LTC-USD,Litecoin USD,137.57,+2.6499%
2021-07-28 12:21:02.390553,LTC-USD,Litecoin USD,137.57,+2.6499%
2021-07-28 12:21:06.679930,LTC-USD,Litecoin USD,137.57,+2.6499%
2021-07-28 12:21:11.153360,LTC-USD,Litecoin USD,137.57,+2.6499%
2021-07-28 12:21:15.416498,LTC-USD,Litecoin USD,137.67,+2.7464%
2021-07-28 12:21:19.696651,LTC-USD,Litecoin USD,137.67,+2.7464%
2021-07-28 12:21:23.988245,LTC-USD,Litecoin USD,137.67,+2.7464%
2021-07-28 12:21:28.269226,LTC-USD,Litecoin USD,137.67,+2.7464%
2021-07-28 12:21:32.495696,LTC-USD,Litecoin USD,137.67,+2.7464%
2021-07-28 12:21:36.683656,LTC-USD,Litecoin USD,137.67,+2.7464%
2021-07-28 12:21:41.191490,LTC-USD,Litecoin USD,137.67,+2.7464%
2021-07-28 12:21:45.555294,LTC-USD,Litecoin USD,137.67,+2.7464%
2021-07-28 12:21:49.827044,LTC-USD,Litecoin USD,137.67,+2.7464%
2021-07-28 12:21:54.048816,LTC-USD,Litecoin USD,137.67,+2.7464%
2021-07-28 12:21:58.296035,LTC-USD,Litecoin USD,137.67,+2.7464%
2021-07-28 12:22:02.679366,LTC-USD,Litecoin USD,137.67,+2.7464%
2021-07-28 12:22:06.875653,LTC-USD,Litecoin USD,137.67,+2.7464%
2021-07-28 12:22:11.261885,LTC-USD,Litecoin USD,137.67,+2.7464%
2021-07-28 12:22:15.786910,LTC-USD,Litecoin USD,137.67,+2.7464%
2021-07-28 12:22:21.179726,LTC-USD,Litecoin USD,137.7,+2.87%
2021-07-28 12:22:26.080710,LTC-USD,Litecoin USD,137.7,+2.87%
2021-07-28 12:22:30.592113,LTC-USD,Litecoin USD,137.7,+2.87%
2021-07-28 12:22:35.230934,LTC-USD,Litecoin USD,137.7,+2.87%
2021-07-28 12:22:40.135914,LTC-USD,Litecoin USD,137.7,+2.87%
2021-07-28 12:22:44.972937,LTC-USD,Litecoin USD,137.7,+2.87%
2021-07-28 12:22:49.752338,LTC-USD,Litecoin USD,137.7,+2.87%
2021-07-28 12:22:54.170394,LTC-USD,Litecoin USD,137.7,+2.87%
2021-07-28 12:22:58.719480,LTC-USD,Litecoin USD,137.7,+2.87%
2021-07-28 12:23:03.374638,LTC-USD,Litecoin USD,137.7,+2.87%
2021-07-28 12:23:07.767477,LTC-USD,Litecoin USD,137.7,+2.87%
2021-07-28 12:23:12.228908,LTC-USD,Litecoin USD,137.7,+2.87%
2021-07-28 12:23:17.026881,LTC-USD,Litecoin USD,137.75,+2.9916%
2021-07-28 12:23:21.533511,LTC-USD,Litecoin USD,137.75,+2.9916%
2021-07-28 12:23:26.089515,LTC-USD,Litecoin USD,137.75,+2.9916%
2021-07-28 12:23:30.202594,LTC-USD,Litecoin USD,137.75,+2.9916%
2021-07-28 12:23:34.428622,LTC-USD,Litecoin USD,137.75,+2.9916%
2021-07-28 12:23:38.765922,LTC-USD,Litecoin USD,137.75,+2.9916%
2021-07-28 12:23:43.116347,LTC-USD,Litecoin USD,137.75,+2.9916%
2021-07-28 12:23:47.482663,LTC-USD,Litecoin USD,137.75,+2.9916%
2021-07-28 12:23:52.226505,LTC-USD,Litecoin USD,137.75,+2.9916%
2021-07-28 12:23:56.784471,LTC-USD,Litecoin USD,137.75,+2.9916%
2021-07-28 12:24:01.379069,LTC-USD,Litecoin USD,137.75,+2.9916%
2021-07-28 12:24:06.134228,LTC-USD,Litecoin USD,137.75,+2.9916%
2021-07-28 12:24:10.672472,LTC-USD,Litecoin USD,137.75,+2.9916%
2021-07-28 12:24:15.795468,LTC-USD,Litecoin USD,137.65,+3.0304%
2021-07-28 12:24:20.276452,LTC-USD,Litecoin USD,137.65,+3.0304%
2021-07-28 12:24:24.769752,LTC-USD,Litecoin USD,137.65,+3.0304%
2021-07-28 12:24:29.481642,LTC-USD,Litecoin USD,137.65,+3.0304%
2021-07-28 12:24:33.838909,LTC-USD,Litecoin USD,137.65,+3.0304%
2021-07-28 12:24:38.185660,LTC-USD,Litecoin USD,137.65,+3.0304%
2021-07-28 12:24:42.399644,LTC-USD,Litecoin USD,137.65,+3.0304%
2021-07-28 12:24:46.571109,LTC-USD,Litecoin USD,137.65,+3.0304%
2021-07-28 12:24:50.807611,LTC-USD,Litecoin USD,137.65,+3.0304%
2021-07-28 12:24:55.050367,LTC-USD,Litecoin USD,137.65,+3.0304%
2021-07-28 12:24:59.559085,LTC-USD,Litecoin USD,137.65,+3.0304%
2021-07-28 12:25:04.706613,LTC-USD,Litecoin USD,137.65,+3.0304%
2021-07-28 12:25:08.995576,LTC-USD,Litecoin USD,137.65,+3.0304%
2021-07-28 12:25:13.272047,LTC-USD,Litecoin USD,137.65,+3.0304%
2021-07-28 12:25:17.673317,LTC-USD,Litecoin USD,137.78,+3.1044%
2021-07-28 12:25:21.870448,LTC-USD,Litecoin USD,137.78,+3.1044%
2021-07-28 12:25:26.266361,LTC-USD,Litecoin USD,137.78,+3.1044%
2021-07-28 12:25:30.449160,LTC-USD,Litecoin USD,137.78,+3.1044%
2021-07-28 12:25:34.602738,LTC-USD,Litecoin USD,137.78,+3.1044%
2021-07-28 12:25:38.701748,LTC-USD,Litecoin USD,137.78,+3.1044%
2021-07-28 12:25:42.762086,LTC-USD,Litecoin USD,137.78,+3.1044%
2021-07-28 12:25:46.957111,LTC-USD,Litecoin USD,137.78,+3.1044%
2021-07-28 12:25:51.228030,LTC-USD,Litecoin USD,137.78,+3.1044%
2021-07-28 12:25:55.444787,LTC-USD,Litecoin USD,137.78,+3.1044%
2021-07-28 12:25:59.505645,LTC-USD,Litecoin USD,137.78,+3.1044%
2021-07-28 12:26:03.742696,LTC-USD,Litecoin USD,137.78,+3.1044%
2021-07-28 12:26:08.121808,LTC-USD,Litecoin USD,137.78,+3.1044%
2021-07-28 12:26:12.669285,LTC-USD,Litecoin USD,137.78,+3.1044%
2021-07-28 12:26:17.018340,LTC-USD,Litecoin USD,137.74,+3.0261%
2021-07-28 12:26:21.621056,LTC-USD,Litecoin USD,137.74,+3.0261%
2021-07-28 12:26:26.244784,LTC-USD,Litecoin USD,137.74,+3.0261%
2021-07-28 12:26:30.407657,LTC-USD,Litecoin USD,137.74,+3.0261%
2021-07-28 12:26:34.657863,LTC-USD,Litecoin USD,137.74,+3.0261%
2021-07-28 12:26:39.125661,LTC-USD,Litecoin USD,137.74,+3.0261%
2021-07-28 12:26:43.216481,LTC-USD,Litecoin USD,137.74,+3.0261%
2021-07-28 12:26:47.451643,LTC-USD,Litecoin USD,137.74,+3.0261%
2021-07-28 12:26:51.788205,LTC-USD,Litecoin USD,137.74,+3.0261%
2021-07-28 12:26:56.387974,LTC-USD,Litecoin USD,137.74,+3.0261%
2021-07-28 12:27:00.531610,LTC-USD,Litecoin USD,137.74,+3.0261%
2021-07-28 12:27:04.889925,LTC-USD,Litecoin USD,137.74,+3.0261%
2021-07-28 12:27:09.181998,LTC-USD,Litecoin USD,137.74,+3.0261%
2021-07-28 12:27:13.484179,LTC-USD,Litecoin USD,137.74,+3.0261%
2021-07-28 12:27:17.634664,LTC-USD,Litecoin USD,137.7,+3.0025%
2021-07-28 12:27:21.985538,LTC-USD,Litecoin USD,137.7,+3.0025%
2021-07-28 12:27:26.734801,LTC-USD,Litecoin USD,137.7,+3.0025%
2021-07-28 12:27:31.177624,LTC-USD,Litecoin USD,137.7,+3.0025%
2021-07-28 12:27:35.517428,LTC-USD,Litecoin USD,137.7,+3.0025%
2021-07-28 12:27:39.813727,LTC-USD,Litecoin USD,137.7,+3.0025%
2021-07-28 12:27:44.183862,LTC-USD,Litecoin USD,137.7,+3.0025%
2021-07-28 12:27:48.351693,LTC-USD,Litecoin USD,137.7,+3.0025%
2021-07-28 12:27:52.496981,LTC-USD,Litecoin USD,137.7,+3.0025%
2021-07-28 12:27:56.799213,LTC-USD,Litecoin USD,137.7,+3.0025%
2021-07-28 12:28:01.331892,LTC-USD,Litecoin USD,137.7,+3.0025%
2021-07-28 12:28:05.533345,LTC-USD,Litecoin USD,137.7,+3.0025%
2021-07-28 12:28:09.877169,LTC-USD,Litecoin USD,137.7,+3.0025%
2021-07-28 12:28:14.196770,LTC-USD,Litecoin USD,137.65,+3.0376%
2021-07-28 12:28:18.409278,LTC-USD,Litecoin USD,137.65,+3.0376%
2021-07-28 12:28:22.502986,LTC-USD,Litecoin USD,137.65,+3.0376%
2021-07-28 12:28:27.126150,LTC-USD,Litecoin USD,137.65,+3.0376%
2021-07-28 12:28:31.377124,LTC-USD,Litecoin USD,137.65,+3.0376%
2021-07-28 12:28:35.586373,LTC-USD,Litecoin USD,137.65,+3.0376%
2021-07-28 12:28:39.876387,LTC-USD,Litecoin USD,137.65,+3.0376%
2021-07-28 12:28:44.112393,LTC-USD,Litecoin USD,137.65,+3.0376%
2021-07-28 12:28:48.380828,LTC-USD,Litecoin USD,137.65,+3.0376%
2021-07-28 12:28:52.635946,LTC-USD,Litecoin USD,137.65,+3.0376%
2021-07-28 12:28:57.019997,LTC-USD,Litecoin USD,137.65,+3.0376%
2021-07-28 12:29:01.531115,LTC-USD,Litecoin USD,137.65,+3.0376%
2021-07-28 12:29:05.879582,LTC-USD,Litecoin USD,137.65,+3.0376%
2021-07-28 12:29:10.234631,LTC-USD,Litecoin USD,137.65,+3.0376%
2021-07-28 12:29:15.122348,LTC-USD,Litecoin USD,137.58,+2.9123%
2021-07-28 12:29:19.255281,LTC-USD,Litecoin USD,137.58,+2.9123%
2021-07-28 12:29:23.360339,LTC-USD,Litecoin USD,137.58,+2.9123%
2021-07-28 12:29:27.498139,LTC-USD,Litecoin USD,137.58,+2.9123%
2021-07-28 12:29:31.969522,LTC-USD,Litecoin USD,137.58,+2.9123%
2021-07-28 12:29:36.217486,LTC-USD,Litecoin USD,137.58,+2.9123%
2021-07-28 12:29:40.381336,LTC-USD,Litecoin USD,137.58,+2.9123%
2021-07-28 12:29:44.660093,LTC-USD,Litecoin USD,137.58,+2.9123%
2021-07-28 12:29:48.961187,LTC-USD,Litecoin USD,137.58,+2.9123%
2021-07-28 12:29:53.081337,LTC-USD,Litecoin USD,137.58,+2.9123%
2021-07-28 12:29:57.251280,LTC-USD,Litecoin USD,137.58,+2.9123%
2021-07-28 12:30:01.628531,LTC-USD,Litecoin USD,137.58,+2.9123%
2021-07-28 12:30:06.297693,LTC-USD,Litecoin USD,137.58,+2.9123%
2021-07-28 12:30:10.487943,LTC-USD,Litecoin USD,137.58,+2.9123%
2021-07-28 12:30:14.781302,LTC-USD,Litecoin USD,137.58,+2.9123%
2021-07-28 12:30:19.013136,LTC-USD,Litecoin USD,137.63,+3.0103%
2021-07-28 12:30:23.293516,LTC-USD,Litecoin USD,137.63,+3.0103%
2021-07-28 12:30:27.621110,LTC-USD,Litecoin USD,137.63,+3.0103%
2021-07-28 12:30:31.801859,LTC-USD,Litecoin USD,137.63,+3.0103%
2021-07-28 12:30:36.659843,LTC-USD,Litecoin USD,137.63,+3.0103%
2021-07-28 12:30:41.876677,LTC-USD,Litecoin USD,137.63,+3.0103%
2021-07-28 12:30:46.444741,LTC-USD,Litecoin USD,137.63,+3.0103%
2021-07-28 12:30:51.596571,LTC-USD,Litecoin USD,137.63,+3.0103%
2021-07-28 12:30:56.258775,LTC-USD,Litecoin USD,137.63,+3.0103%
2021-07-28 12:31:00.814601,LTC-USD,Litecoin USD,137.63,+3.0103%
2021-07-28 12:31:06.058291,LTC-USD,Litecoin USD,137.63,+3.0103%
2021-07-28 12:31:10.751509,LTC-USD,Litecoin USD,137.63,+3.0103%
2021-07-28 12:31:15.230715,LTC-USD,Litecoin USD,137.64,+3.0233%
2021-07-28 12:31:19.444476,LTC-USD,Litecoin USD,137.64,+3.0233%
2021-07-28 12:31:23.853619,LTC-USD,Litecoin USD,137.64,+3.0233%
2021-07-28 12:31:28.721429,LTC-USD,Litecoin USD,137.64,+3.0233%
2021-07-28 12:31:32.850210,LTC-USD,Litecoin USD,137.64,+3.0233%
2021-07-28 12:31:37.002391,LTC-USD,Litecoin USD,137.64,+3.0233%
2021-07-28 12:31:41.150268,LTC-USD,Litecoin USD,137.64,+3.0233%
2021-07-28 12:31:45.831204,LTC-USD,Litecoin USD,137.64,+3.0233%
2021-07-28 12:31:50.061913,LTC-USD,Litecoin USD,137.64,+3.0233%
2021-07-28 12:31:54.233917,LTC-USD,Litecoin USD,137.64,+3.0233%
2021-07-28 12:31:58.466630,LTC-USD,Litecoin USD,137.64,+3.0233%
2021-07-28 12:32:03.041940,LTC-USD,Litecoin USD,137.64,+3.0233%
2021-07-28 12:32:07.210710,LTC-USD,Litecoin USD,137.64,+3.0233%
2021-07-28 12:32:11.592722,LTC-USD,Litecoin USD,137.64,+3.0233%
2021-07-28 12:32:15.832155,LTC-USD,Litecoin USD,137.64,+3.042%
2021-07-28 12:32:19.977232,LTC-USD,Litecoin USD,137.64,+3.042%
2021-07-28 12:32:24.397295,LTC-USD,Litecoin USD,137.64,+3.042%
2021-07-28 12:32:28.696902,LTC-USD,Litecoin USD,137.64,+3.042%
2021-07-28 12:32:32.865507,LTC-USD,Litecoin USD,137.64,+3.042%
2021-07-28 12:32:37.275723,LTC-USD,Litecoin USD,137.64,+3.042%
2021-07-28 12:32:41.725501,LTC-USD,Litecoin USD,137.64,+3.042%
2021-07-28 12:32:46.107201,LTC-USD,Litecoin USD,137.64,+3.042%
2021-07-28 12:32:50.488345,LTC-USD,Litecoin USD,137.64,+3.042%
2021-07-28 12:32:54.866448,LTC-USD,Litecoin USD,137.64,+3.042%
2021-07-28 12:32:59.418656,LTC-USD,Litecoin USD,137.64,+3.042%
2021-07-28 12:33:03.763836,LTC-USD,Litecoin USD,137.64,+3.042%
2021-07-28 12:33:07.880819,LTC-USD,Litecoin USD,137.64,+3.042%
2021-07-28 12:33:12.222540,LTC-USD,Litecoin USD,137.64,+3.042%
2021-07-28 12:33:16.981596,LTC-USD,Litecoin USD,137.7,+3.1847%
2021-07-28 12:33:21.504747,LTC-USD,Litecoin USD,137.7,+3.1847%
2021-07-28 12:33:26.081293,LTC-USD,Litecoin USD,137.7,+3.1847%
2021-07-28 12:33:30.411106,LTC-USD,Litecoin USD,137.7,+3.1847%
2021-07-28 12:33:34.746045,LTC-USD,Litecoin USD,137.7,+3.1847%
2021-07-28 12:33:39.392986,LTC-USD,Litecoin USD,137.7,+3.1847%
2021-07-28 12:33:44.030830,LTC-USD,Litecoin USD,137.7,+3.1847%
2021-07-28 12:33:48.707759,LTC-USD,Litecoin USD,137.7,+3.1847%
2021-07-28 12:33:53.241250,LTC-USD,Litecoin USD,137.7,+3.1847%
2021-07-28 12:33:57.713601,LTC-USD,Litecoin USD,137.7,+3.1847%
2021-07-28 12:34:02.986098,LTC-USD,Litecoin USD,137.7,+3.1847%
2021-07-28 12:34:07.554287,LTC-USD,Litecoin USD,137.7,+3.1847%
2021-07-28 12:34:12.310329,LTC-USD,Litecoin USD,137.7,+3.1847%
2021-07-28 12:34:16.759381,LTC-USD,Litecoin USD,137.7,+3.376%
2021-07-28 12:34:20.966640,LTC-USD,Litecoin USD,137.7,+3.376%
2021-07-28 12:34:25.659220,LTC-USD,Litecoin USD,137.7,+3.376%
2021-07-28 12:34:30.233223,LTC-USD,Litecoin USD,137.7,+3.376%
2021-07-28 12:34:34.674775,LTC-USD,Litecoin USD,137.7,+3.376%
2021-07-28 12:34:38.918119,LTC-USD,Litecoin USD,137.7,+3.376%
2021-07-28 12:34:43.158281,LTC-USD,Litecoin USD,137.7,+3.376%
2021-07-28 12:34:47.337395,LTC-USD,Litecoin USD,137.7,+3.376%
2021-07-28 12:34:51.634257,LTC-USD,Litecoin USD,137.7,+3.376%
2021-07-28 12:34:55.811205,LTC-USD,Litecoin USD,137.7,+3.376%
2021-07-28 12:35:00.212698,LTC-USD,Litecoin USD,137.7,+3.376%
2021-07-28 12:35:04.383196,LTC-USD,Litecoin USD,137.7,+3.376%
2021-07-28 12:35:08.751174,LTC-USD,Litecoin USD,137.7,+3.376%
2021-07-28 12:35:12.957623,LTC-USD,Litecoin USD,137.7,+3.376%
2021-07-28 12:35:17.631720,LTC-USD,Litecoin USD,137.75,+3.3683%
2021-07-28 12:35:22.062275,LTC-USD,Litecoin USD,137.75,+3.3683%
2021-07-28 12:35:26.699408,LTC-USD,Litecoin USD,137.75,+3.3683%
2021-07-28 12:35:30.964665,LTC-USD,Litecoin USD,137.75,+3.3683%
2021-07-28 12:35:35.204973,LTC-USD,Litecoin USD,137.75,+3.3683%
2021-07-28 12:35:39.643555,LTC-USD,Litecoin USD,137.75,+3.3683%
2021-07-28 12:35:43.755212,LTC-USD,Litecoin USD,137.75,+3.3683%
2021-07-28 12:35:48.287183,LTC-USD,Litecoin USD,137.75,+3.3683%
2021-07-28 12:35:52.570303,LTC-USD,Litecoin USD,137.75,+3.3683%
2021-07-28 12:35:57.007459,LTC-USD,Litecoin USD,137.75,+3.3683%
2021-07-28 12:36:01.554737,LTC-USD,Litecoin USD,137.75,+3.3683%
2021-07-28 12:36:05.988126,LTC-USD,Litecoin USD,137.75,+3.3683%
2021-07-28 12:36:10.153760,LTC-USD,Litecoin USD,137.75,+3.3683%
2021-07-28 12:36:14.780439,LTC-USD,Litecoin USD,137.78,+3.4036%
2021-07-28 12:36:19.271705,LTC-USD,Litecoin USD,137.78,+3.4036%
2021-07-28 12:36:23.607085,LTC-USD,Litecoin USD,137.78,+3.4036%
2021-07-28 12:36:27.952545,LTC-USD,Litecoin USD,137.78,+3.4036%
2021-07-28 12:36:32.224190,LTC-USD,Litecoin USD,137.78,+3.4036%
2021-07-28 12:36:36.906821,LTC-USD,Litecoin USD,137.78,+3.4036%
2021-07-28 12:36:41.245434,LTC-USD,Litecoin USD,137.78,+3.4036%
2021-07-28 12:36:45.506550,LTC-USD,Litecoin USD,137.78,+3.4036%
2021-07-28 12:36:49.722956,LTC-USD,Litecoin USD,137.78,+3.4036%
2021-07-28 12:36:55.792720,LTC-USD,Litecoin USD,137.78,+3.4036%
2021-07-28 12:37:00.434226,LTC-USD,Litecoin USD,137.78,+3.4036%
2021-07-28 12:37:04.887485,LTC-USD,Litecoin USD,137.78,+3.4036%
2021-07-28 12:37:09.067798,LTC-USD,Litecoin USD,137.78,+3.4036%
2021-07-28 12:37:13.414421,LTC-USD,Litecoin USD,137.78,+3.3463%
2021-07-28 12:37:18.219058,LTC-USD,Litecoin USD,137.75,+3.3463%
2021-07-28 12:37:22.621349,LTC-USD,Litecoin USD,137.75,+3.3463%
2021-07-28 12:37:27.210808,LTC-USD,Litecoin USD,137.75,+3.3463%
2021-07-28 12:37:32.343862,LTC-USD,Litecoin USD,137.75,+3.3463%
2021-07-28 12:37:36.704868,LTC-USD,Litecoin USD,137.75,+3.3463%
2021-07-28 12:37:41.069566,LTC-USD,Litecoin USD,137.75,+3.3463%
2021-07-28 12:37:45.301161,LTC-USD,Litecoin USD,137.75,+3.3463%
2021-07-28 12:37:49.792185,LTC-USD,Litecoin USD,137.75,+3.3463%
2021-07-28 12:37:53.865924,LTC-USD,Litecoin USD,137.75,+3.3463%
2021-07-28 12:37:58.050042,LTC-USD,Litecoin USD,137.75,+3.3463%
2021-07-28 12:38:02.731722,LTC-USD,Litecoin USD,137.75,+3.3463%
2021-07-28 12:38:07.317016,LTC-USD,Litecoin USD,137.75,+3.3463%
2021-07-28 12:38:11.797313,LTC-USD,Litecoin USD,137.75,+3.3463%
2021-07-28 12:38:16.133284,LTC-USD,Litecoin USD,137.79,+3.3375%
2021-07-28 12:38:20.471845,LTC-USD,Litecoin USD,137.79,+3.3375%
2021-07-28 12:38:24.565521,LTC-USD,Litecoin USD,137.79,+3.3375%
2021-07-28 12:38:29.205623,LTC-USD,Litecoin USD,137.79,+3.3375%
2021-07-28 12:38:33.394848,LTC-USD,Litecoin USD,137.79,+3.3375%
2021-07-28 12:38:37.844652,LTC-USD,Litecoin USD,137.79,+3.3375%
2021-07-28 12:38:42.149843,LTC-USD,Litecoin USD,137.79,+3.3375%
2021-07-28 12:38:46.617473,LTC-USD,Litecoin USD,137.79,+3.3375%
2021-07-28 12:38:50.893027,LTC-USD,Litecoin USD,137.79,+3.3375%
2021-07-28 12:38:55.044280,LTC-USD,Litecoin USD,137.79,+3.3375%
2021-07-28 12:38:59.163456,LTC-USD,Litecoin USD,137.79,+3.3375%
2021-07-28 12:39:04.015949,LTC-USD,Litecoin USD,137.79,+3.3375%
2021-07-28 12:39:08.276541,LTC-USD,Litecoin USD,137.79,+3.3375%
2021-07-28 12:39:12.517199,LTC-USD,Litecoin USD,137.79,+3.3375%
2021-07-28 12:39:16.832326,LTC-USD,Litecoin USD,137.8,+3.3861%
2021-07-28 12:39:21.428089,LTC-USD,Litecoin USD,137.8,+3.3861%
2021-07-28 12:39:26.007223,LTC-USD,Litecoin USD,137.8,+3.3861%
2021-07-28 12:39:30.636976,LTC-USD,Litecoin USD,137.8,+3.3861%
2021-07-28 12:39:34.841907,LTC-USD,Litecoin USD,137.8,+3.3861%
2021-07-28 12:39:39.215304,LTC-USD,Litecoin USD,137.8,+3.3861%
2021-07-28 12:39:43.560988,LTC-USD,Litecoin USD,137.8,+3.3861%
2021-07-28 12:39:48.066252,LTC-USD,Litecoin USD,137.8,+3.3861%
2021-07-28 12:39:52.476167,LTC-USD,Litecoin USD,137.8,+3.3861%
2021-07-28 12:39:56.796497,LTC-USD,Litecoin USD,137.8,+3.3861%
2021-07-28 12:40:01.850185,LTC-USD,Litecoin USD,137.8,+3.3861%
2021-07-28 12:40:06.564526,LTC-USD,Litecoin USD,137.8,+3.3861%
2021-07-28 12:40:11.364464,LTC-USD,Litecoin USD,137.8,+3.3861%
2021-07-28 12:40:15.931765,LTC-USD,Litecoin USD,137.78,+3.5783%
2021-07-28 12:40:20.590895,LTC-USD,Litecoin USD,137.78,+3.5783%
2021-07-28 12:40:24.894292,LTC-USD,Litecoin USD,137.78,+3.5783%
2021-07-28 12:40:29.296074,LTC-USD,Litecoin USD,137.78,+3.5783%
2021-07-28 12:40:33.379626,LTC-USD,Litecoin USD,137.78,+3.5783%
2021-07-28 12:40:37.795129,LTC-USD,Litecoin USD,137.78,+3.5783%
2021-07-28 12:40:42.221648,LTC-USD,Litecoin USD,137.78,+3.5783%
2021-07-28 12:40:46.619234,LTC-USD,Litecoin USD,137.78,+3.5783%
2021-07-28 12:40:51.360999,LTC-USD,Litecoin USD,137.78,+3.5783%
2021-07-28 12:40:55.589563,LTC-USD,Litecoin USD,137.78,+3.5783%
2021-07-28 12:40:59.993487,LTC-USD,Litecoin USD,137.78,+3.5783%
2021-07-28 12:41:04.825188,LTC-USD,Litecoin USD,137.78,+3.5783%
2021-07-28 12:41:09.153350,LTC-USD,Litecoin USD,137.78,+3.5783%
2021-07-28 12:41:13.383871,LTC-USD,Litecoin USD,137.78,+3.5783%
2021-07-28 12:41:17.826410,LTC-USD,Litecoin USD,137.97,+3.856%
2021-07-28 12:41:22.293581,LTC-USD,Litecoin USD,137.97,+3.856%
2021-07-28 12:41:26.511764,LTC-USD,Litecoin USD,137.97,+3.856%
2021-07-28 12:41:30.864962,LTC-USD,Litecoin USD,137.97,+3.856%
2021-07-28 12:41:35.307299,LTC-USD,Litecoin USD,137.97,+3.856%
2021-07-28 12:41:39.331435,LTC-USD,Litecoin USD,137.97,+3.856%
2021-07-28 12:41:43.554601,LTC-USD,Litecoin USD,137.97,+3.856%
2021-07-28 12:41:47.928454,LTC-USD,Litecoin USD,137.97,+3.856%
2021-07-28 12:41:52.503402,LTC-USD,Litecoin USD,137.97,+3.856%
2021-07-28 12:41:56.722535,LTC-USD,Litecoin USD,137.97,+3.856%
2021-07-28 12:42:01.223253,LTC-USD,Litecoin USD,137.97,+3.856%
2021-07-28 12:42:05.693152,LTC-USD,Litecoin USD,137.97,+3.856%
2021-07-28 12:42:09.836397,LTC-USD,Litecoin USD,137.97,+3.856%
2021-07-28 12:42:14.240447,LTC-USD,Litecoin USD,137.97,+3.642%
2021-07-28 12:42:18.536747,LTC-USD,Litecoin USD,137.97,+3.642%
2021-07-28 12:42:23.191546,LTC-USD,Litecoin USD,137.97,+3.642%
2021-07-28 12:42:27.499247,LTC-USD,Litecoin USD,137.97,+3.642%
2021-07-28 12:42:31.851774,LTC-USD,Litecoin USD,137.97,+3.642%
2021-07-28 12:42:36.249067,LTC-USD,Litecoin USD,137.97,+3.642%
2021-07-28 12:42:40.343865,LTC-USD,Litecoin USD,137.97,+3.642%
2021-07-28 12:42:44.510425,LTC-USD,Litecoin USD,137.97,+3.642%
2021-07-28 12:42:48.768646,LTC-USD,Litecoin USD,137.97,+3.642%
2021-07-28 12:42:52.989450,LTC-USD,Litecoin USD,137.97,+3.642%
2021-07-28 12:42:57.286282,LTC-USD,Litecoin USD,137.97,+3.642%
2021-07-28 12:43:01.853876,LTC-USD,Litecoin USD,137.97,+3.642%
2021-07-28 12:43:06.688594,LTC-USD,Litecoin USD,137.97,+3.642%
2021-07-28 12:43:10.951247,LTC-USD,Litecoin USD,137.97,+3.642%
2021-07-28 12:43:15.292914,LTC-USD,Litecoin USD,137.9,+3.5582%
2021-07-28 12:43:19.740977,LTC-USD,Litecoin USD,137.9,+3.5582%
2021-07-28 12:43:24.215878,LTC-USD,Litecoin USD,137.9,+3.5582%
2021-07-28 12:43:28.458731,LTC-USD,Litecoin USD,137.9,+3.5582%
2021-07-28 12:43:33.076909,LTC-USD,Litecoin USD,137.9,+3.5582%
2021-07-28 12:43:38.187135,LTC-USD,Litecoin USD,137.9,+3.5582%
2021-07-28 12:43:43.786806,LTC-USD,Litecoin USD,137.9,+3.5582%
2021-07-28 12:43:48.609858,LTC-USD,Litecoin USD,137.9,+3.5582%
2021-07-28 12:43:53.368329,LTC-USD,Litecoin USD,137.9,+3.5582%
2021-07-28 12:43:57.993101,LTC-USD,Litecoin USD,137.9,+3.5582%
2021-07-28 12:44:02.664798,LTC-USD,Litecoin USD,137.9,+3.5582%
2021-07-28 12:44:07.313566,LTC-USD,Litecoin USD,137.9,+3.5582%
2021-07-28 12:44:11.748577,LTC-USD,Litecoin USD,137.9,+3.5582%
2021-07-28 12:44:16.318385,LTC-USD,Litecoin USD,137.91,+3.5957%
2021-07-28 12:44:20.878252,LTC-USD,Litecoin USD,137.91,+3.5957%
2021-07-28 12:44:26.444762,LTC-USD,Litecoin USD,137.91,+3.5957%
2021-07-28 12:44:31.106431,LTC-USD,Litecoin USD,137.91,+3.5957%
2021-07-28 12:44:36.094282,LTC-USD,Litecoin USD,137.91,+3.5957%
2021-07-28 12:44:40.583434,LTC-USD,Litecoin USD,137.91,+3.5957%
2021-07-28 12:44:45.181479,LTC-USD,Litecoin USD,137.91,+3.5957%
2021-07-28 12:44:49.986621,LTC-USD,Litecoin USD,137.91,+3.5957%
2021-07-28 12:44:54.757672,LTC-USD,Litecoin USD,137.91,+3.5957%
2021-07-28 12:44:59.522427,LTC-USD,Litecoin USD,137.91,+3.5957%
2021-07-28 12:45:04.315043,LTC-USD,Litecoin USD,137.91,+3.5957%
2021-07-28 12:45:08.802280,LTC-USD,Litecoin USD,137.91,+3.5957%
2021-07-28 12:45:13.691825,LTC-USD,Litecoin USD,138.04,+3.7281%
2021-07-28 12:45:19.018061,LTC-USD,Litecoin USD,138.04,+3.7281%
2021-07-28 12:45:23.798207,LTC-USD,Litecoin USD,138.04,+3.7281%
2021-07-28 12:45:28.812172,LTC-USD,Litecoin USD,138.04,+3.7281%
2021-07-28 12:45:33.430314,LTC-USD,Litecoin USD,138.04,+3.7281%
2021-07-28 12:45:37.778273,LTC-USD,Litecoin USD,138.04,+3.7281%
2021-07-28 12:45:41.986275,LTC-USD,Litecoin USD,138.04,+3.7281%
2021-07-28 12:45:46.262962,LTC-USD,Litecoin USD,138.04,+3.7281%
2021-07-28 12:45:50.751199,LTC-USD,Litecoin USD,138.04,+3.7281%
2021-07-28 12:45:54.803389,LTC-USD,Litecoin USD,138.04,+3.7281%
2021-07-28 12:45:59.115293,LTC-USD,Litecoin USD,138.04,+3.7281%
2021-07-28 12:46:03.755520,LTC-USD,Litecoin USD,138.04,+3.7281%
2021-07-28 12:46:08.275646,LTC-USD,Litecoin USD,138.04,+3.7281%
2021-07-28 12:46:12.538201,LTC-USD,Litecoin USD,138.04,+3.7281%
2021-07-28 12:46:16.918684,LTC-USD,Litecoin USD,137.99,+3.7153%
2021-07-28 12:46:21.195883,LTC-USD,Litecoin USD,137.99,+3.7153%
2021-07-28 12:46:25.969760,LTC-USD,Litecoin USD,137.99,+3.7153%
2021-07-28 12:46:30.587926,LTC-USD,Litecoin USD,137.99,+3.7153%
2021-07-28 12:46:34.972847,LTC-USD,Litecoin USD,137.99,+3.7153%
2021-07-28 12:46:39.313695,LTC-USD,Litecoin USD,137.99,+3.7153%
2021-07-28 12:46:43.742504,LTC-USD,Litecoin USD,137.99,+3.7153%
2021-07-28 12:46:48.609452,LTC-USD,Litecoin USD,137.99,+3.7153%
2021-07-28 12:46:53.324668,LTC-USD,Litecoin USD,137.99,+3.7153%
2021-07-28 12:46:58.010061,LTC-USD,Litecoin USD,137.99,+3.7153%
2021-07-28 12:47:02.979023,LTC-USD,Litecoin USD,137.99,+3.7153%
2021-07-28 12:47:08.013000,LTC-USD,Litecoin USD,137.99,+3.7153%
2021-07-28 12:47:12.423412,LTC-USD,Litecoin USD,137.99,+3.7153%
2021-07-28 12:47:17.072102,LTC-USD,Litecoin USD,138.11,+3.8038%
2021-07-28 12:47:22.129840,LTC-USD,Litecoin USD,138.11,+3.8038%
2021-07-28 12:47:26.820125,LTC-USD,Litecoin USD,138.11,+3.8038%
2021-07-28 12:47:31.164944,LTC-USD,Litecoin USD,138.11,+3.8038%
2021-07-28 12:47:35.359264,LTC-USD,Litecoin USD,138.11,+3.8038%
2021-07-28 12:47:39.561880,LTC-USD,Litecoin USD,138.11,+3.8038%
2021-07-28 12:47:43.716184,LTC-USD,Litecoin USD,138.11,+3.8038%
2021-07-28 12:47:48.400760,LTC-USD,Litecoin USD,138.11,+3.8038%
2021-07-28 12:47:53.272287,LTC-USD,Litecoin USD,138.11,+3.8038%
2021-07-28 12:47:57.681008,LTC-USD,Litecoin USD,138.11,+3.8038%
2021-07-28 12:48:02.699162,LTC-USD,Litecoin USD,138.11,+3.8038%
2021-07-28 12:48:08.234180,LTC-USD,Litecoin USD,138.11,+3.8038%
2021-07-28 12:48:12.323902,LTC-USD,Litecoin USD,138.11,+3.8038%
2021-07-28 12:48:16.703340,LTC-USD,Litecoin USD,138.21,+3.8035%
2021-07-28 12:48:20.939158,LTC-USD,Litecoin USD,138.21,+3.8035%
2021-07-28 12:48:25.323915,LTC-USD,Litecoin USD,138.21,+3.8035%
2021-07-28 12:48:30.461528,LTC-USD,Litecoin USD,138.21,+3.8035%
2021-07-28 12:48:34.560162,LTC-USD,Litecoin USD,138.21,+3.8035%
2021-07-28 12:48:38.918957,LTC-USD,Litecoin USD,138.21,+3.8035%
2021-07-28 12:48:43.869599,LTC-USD,Litecoin USD,138.21,+3.8035%
2021-07-28 12:48:48.808764,LTC-USD,Litecoin USD,138.21,+3.8035%
2021-07-28 12:48:53.493453,LTC-USD,Litecoin USD,138.21,+3.8035%
2021-07-28 12:48:58.285335,LTC-USD,Litecoin USD,138.21,+3.8035%
2021-07-28 12:49:04.772876,LTC-USD,Litecoin USD,138.21,+3.8035%
2021-07-28 12:49:09.157383,LTC-USD,Litecoin USD,138.21,+3.8035%
2021-07-28 12:49:13.725507,LTC-USD,Litecoin USD,138.15,+3.5831%
2021-07-28 12:49:18.071814,LTC-USD,Litecoin USD,138.15,+3.5831%
2021-07-28 12:49:22.182346,LTC-USD,Litecoin USD,138.15,+3.5831%
2021-07-28 12:49:27.087094,LTC-USD,Litecoin USD,138.15,+3.5831%
2021-07-28 12:49:31.238763,LTC-USD,Litecoin USD,138.15,+3.5831%
2021-07-28 12:49:35.384042,LTC-USD,Litecoin USD,138.15,+3.5831%
2021-07-28 12:49:39.717986,LTC-USD,Litecoin USD,138.15,+3.5831%
2021-07-28 12:49:44.371407,LTC-USD,Litecoin USD,138.15,+3.5831%
2021-07-28 12:49:48.897686,LTC-USD,Litecoin USD,138.15,+3.5831%
2021-07-28 12:49:53.365841,LTC-USD,Litecoin USD,138.15,+3.5831%
2021-07-28 12:49:57.622765,LTC-USD,Litecoin USD,138.15,+3.5831%
2021-07-28 12:50:02.187131,LTC-USD,Litecoin USD,138.15,+3.5831%
2021-07-28 12:50:06.927570,LTC-USD,Litecoin USD,138.15,+3.5831%
2021-07-28 12:50:10.984797,LTC-USD,Litecoin USD,138.15,+3.5831%
2021-07-28 12:50:15.197679,LTC-USD,Litecoin USD,138.09,+3.4833%
2021-07-28 12:50:19.373376,LTC-USD,Litecoin USD,138.09,+3.4833%
2021-07-28 12:50:24.463108,LTC-USD,Litecoin USD,138.09,+3.4833%
2021-07-28 12:50:28.860711,LTC-USD,Litecoin USD,138.09,+3.4833%
2021-07-28 12:50:33.267485,LTC-USD,Litecoin USD,138.09,+3.4833%
2021-07-28 12:50:37.425716,LTC-USD,Litecoin USD,138.09,+3.4833%
2021-07-28 12:50:41.542069,LTC-USD,Litecoin USD,138.09,+3.4833%
2021-07-28 12:50:46.046515,LTC-USD,Litecoin USD,138.09,+3.4833%
2021-07-28 12:50:50.235498,LTC-USD,Litecoin USD,138.09,+3.4833%
2021-07-28 12:50:54.528323,LTC-USD,Litecoin USD,138.09,+3.4833%
2021-07-28 12:50:58.995338,LTC-USD,Litecoin USD,138.09,+3.4833%
2021-07-28 12:51:04.448380,LTC-USD,Litecoin USD,138.09,+3.4833%
2021-07-28 12:51:09.564938,LTC-USD,Litecoin USD,138.09,+3.4833%
2021-07-28 12:51:14.081957,LTC-USD,Litecoin USD,138.09,+3.4833%
2021-07-28 12:51:18.740643,LTC-USD,Litecoin USD,138.03,+3.5437%
2021-07-28 12:51:22.919243,LTC-USD,Litecoin USD,138.03,+3.5437%
2021-07-28 12:51:27.213270,LTC-USD,Litecoin USD,138.03,+3.5437%
2021-07-28 12:51:31.957059,LTC-USD,Litecoin USD,138.03,+3.5437%
2021-07-28 12:51:36.036681,LTC-USD,Litecoin USD,138.03,+3.5437%
2021-07-28 12:51:40.191800,LTC-USD,Litecoin USD,138.03,+3.5437%
2021-07-28 12:51:44.385346,LTC-USD,Litecoin USD,138.03,+3.5437%
2021-07-28 12:51:49.109475,LTC-USD,Litecoin USD,138.03,+3.5437%
2021-07-28 12:51:53.687924,LTC-USD,Litecoin USD,138.03,+3.5437%
2021-07-28 12:51:57.952739,LTC-USD,Litecoin USD,138.03,+3.5437%
2021-07-28 12:52:02.525462,LTC-USD,Litecoin USD,138.03,+3.5437%
2021-07-28 12:52:06.870810,LTC-USD,Litecoin USD,138.03,+3.5437%
2021-07-28 12:52:11.253587,LTC-USD,Litecoin USD,138.03,+3.5437%
2021-07-28 12:52:15.680105,LTC-USD,Litecoin USD,137.95,+3.3938%
2021-07-28 12:52:20.095379,LTC-USD,Litecoin USD,137.95,+3.3938%
2021-07-28 12:52:24.171073,LTC-USD,Litecoin USD,137.95,+3.3938%
2021-07-28 12:52:28.743039,LTC-USD,Litecoin USD,137.95,+3.3938%
2021-07-28 12:52:33.027712,LTC-USD,Litecoin USD,137.95,+3.3938%
2021-07-28 12:52:38.189379,LTC-USD,Litecoin USD,137.95,+3.3938%
2021-07-28 12:52:42.615820,LTC-USD,Litecoin USD,137.95,+3.3938%
2021-07-28 12:52:46.718508,LTC-USD,Litecoin USD,137.95,+3.3938%
2021-07-28 12:52:51.171046,LTC-USD,Litecoin USD,137.95,+3.3938%
2021-07-28 12:52:55.332806,LTC-USD,Litecoin USD,137.95,+3.3938%
2021-07-28 12:52:59.608461,LTC-USD,Litecoin USD,137.95,+3.3938%
2021-07-28 12:53:04.708757,LTC-USD,Litecoin USD,137.95,+3.3938%
2021-07-28 12:53:09.520051,LTC-USD,Litecoin USD,137.95,+3.3938%
2021-07-28 12:53:14.509220,LTC-USD,Litecoin USD,137.92,+3.3342%
2021-07-28 12:53:19.207222,LTC-USD,Litecoin USD,137.92,+3.3342%
2021-07-28 12:53:23.524246,LTC-USD,Litecoin USD,137.92,+3.3342%
2021-07-28 12:53:27.688767,LTC-USD,Litecoin USD,137.92,+3.3342%
2021-07-28 12:53:32.036218,LTC-USD,Litecoin USD,137.92,+3.3342%
2021-07-28 12:53:36.901078,LTC-USD,Litecoin USD,137.92,+3.3342%
2021-07-28 12:53:42.124252,LTC-USD,Litecoin USD,137.92,+3.3342%
2021-07-28 12:53:46.776530,LTC-USD,Litecoin USD,137.92,+3.3342%
2021-07-28 12:53:51.557501,LTC-USD,Litecoin USD,137.92,+3.3342%
2021-07-28 12:53:56.133675,LTC-USD,Litecoin USD,137.92,+3.3342%
2021-07-28 12:54:00.370970,LTC-USD,Litecoin USD,137.92,+3.3342%
2021-07-28 12:54:05.868239,LTC-USD,Litecoin USD,137.92,+3.3342%
2021-07-28 12:54:10.778752,LTC-USD,Litecoin USD,137.92,+3.3342%
2021-07-28 12:54:15.676463,LTC-USD,Litecoin USD,137.85,+3.2639%
2021-07-28 12:54:20.952342,LTC-USD,Litecoin USD,137.85,+3.2639%
2021-07-28 12:54:26.015461,LTC-USD,Litecoin USD,137.85,+3.2639%
2021-07-28 12:54:31.928957,LTC-USD,Litecoin USD,137.85,+3.2639%
2021-07-28 12:54:36.205460,LTC-USD,Litecoin USD,137.85,+3.2639%
2021-07-28 12:54:41.087860,LTC-USD,Litecoin USD,137.85,+3.2639%
2021-07-28 12:54:45.638613,LTC-USD,Litecoin USD,137.85,+3.2639%
2021-07-28 12:54:50.011310,LTC-USD,Litecoin USD,137.85,+3.2639%
2021-07-28 12:54:54.524107,LTC-USD,Litecoin USD,137.85,+3.2639%
2021-07-28 12:54:59.225118,LTC-USD,Litecoin USD,137.85,+3.2639%
2021-07-28 12:55:03.647750,LTC-USD,Litecoin USD,137.85,+3.2639%
2021-07-28 12:55:08.737525,LTC-USD,Litecoin USD,137.85,+3.2639%
2021-07-28 12:55:13.814127,LTC-USD,Litecoin USD,137.66,+3.2121%
2021-07-28 12:55:19.477446,LTC-USD,Litecoin USD,137.66,+3.2121%
2021-07-28 12:55:24.667275,LTC-USD,Litecoin USD,137.66,+3.2121%
2021-07-28 12:55:29.780776,LTC-USD,Litecoin USD,137.66,+3.2121%
2021-07-28 12:55:34.366214,LTC-USD,Litecoin USD,137.66,+3.2121%
2021-07-28 12:55:38.720968,LTC-USD,Litecoin USD,137.66,+3.2121%
2021-07-28 12:55:43.063187,LTC-USD,Litecoin USD,137.66,+3.2121%
2021-07-28 12:55:47.555897,LTC-USD,Litecoin USD,137.66,+3.2121%
2021-07-28 12:55:51.842073,LTC-USD,Litecoin USD,137.66,+3.2121%
2021-07-28 12:55:56.101231,LTC-USD,Litecoin USD,137.66,+3.2121%
2021-07-28 12:56:00.353472,LTC-USD,Litecoin USD,137.66,+3.2121%
2021-07-28 12:56:04.707596,LTC-USD,Litecoin USD,137.66,+3.2121%
2021-07-28 12:56:09.418773,LTC-USD,Litecoin USD,137.66,+3.2121%
2021-07-28 12:56:14.637412,LTC-USD,Litecoin USD,137.72,+3.4085%
2021-07-28 12:56:19.856472,LTC-USD,Litecoin USD,137.72,+3.4085%
2021-07-28 12:56:25.008077,LTC-USD,Litecoin USD,137.72,+3.4085%
2021-07-28 12:56:30.508772,LTC-USD,Litecoin USD,137.72,+3.4085%
2021-07-28 12:56:34.752595,LTC-USD,Litecoin USD,137.72,+3.4085%
2021-07-28 12:56:39.231467,LTC-USD,Litecoin USD,137.72,+3.4085%
2021-07-28 12:56:43.369931,LTC-USD,Litecoin USD,137.72,+3.4085%
2021-07-28 12:56:47.569130,LTC-USD,Litecoin USD,137.72,+3.4085%
2021-07-28 12:56:51.745994,LTC-USD,Litecoin USD,137.72,+3.4085%
2021-07-28 12:56:56.548097,LTC-USD,Litecoin USD,137.72,+3.4085%
2021-07-28 12:57:00.654535,LTC-USD,Litecoin USD,137.72,+3.4085%
2021-07-28 12:57:05.519848,LTC-USD,Litecoin USD,137.72,+3.4085%
2021-07-28 12:57:09.943121,LTC-USD,Litecoin USD,137.72,+3.4085%
2021-07-28 12:57:14.653540,LTC-USD,Litecoin USD,137.65,+3.0976%
2021-07-28 12:57:18.957547,LTC-USD,Litecoin USD,137.65,+3.0976%
2021-07-28 12:57:23.355542,LTC-USD,Litecoin USD,137.65,+3.0976%
2021-07-28 12:57:27.795073,LTC-USD,Litecoin USD,137.65,+3.0976%
2021-07-28 12:57:32.075768,LTC-USD,Litecoin USD,137.65,+3.0976%
2021-07-28 12:57:37.917745,LTC-USD,Litecoin USD,137.65,+3.0976%
2021-07-28 12:57:42.664876,LTC-USD,Litecoin USD,137.65,+3.0976%
2021-07-28 12:57:47.171965,LTC-USD,Litecoin USD,137.65,+3.0976%
2021-07-28 12:57:51.768008,LTC-USD,Litecoin USD,137.65,+3.0976%
2021-07-28 12:57:56.345660,LTC-USD,Litecoin USD,137.65,+3.0976%
2021-07-28 12:58:00.493495,LTC-USD,Litecoin USD,137.65,+3.0976%
2021-07-28 12:58:05.093098,LTC-USD,Litecoin USD,137.65,+3.0976%
2021-07-28 12:58:09.671680,LTC-USD,Litecoin USD,137.65,+3.0976%
2021-07-28 12:58:14.551460,LTC-USD,Litecoin USD,137.68,+3.1032%
2021-07-28 12:58:18.751191,LTC-USD,Litecoin USD,137.68,+3.1032%
2021-07-28 12:58:22.991479,LTC-USD,Litecoin USD,137.68,+3.1032%
2021-07-28 12:58:27.162500,LTC-USD,Litecoin USD,137.68,+3.1032%
2021-07-28 12:58:31.219584,LTC-USD,Litecoin USD,137.68,+3.1032%
2021-07-28 12:58:35.378256,LTC-USD,Litecoin USD,137.68,+3.1032%
2021-07-28 12:58:39.678744,LTC-USD,Litecoin USD,137.68,+3.1032%
2021-07-28 12:58:44.606496,LTC-USD,Litecoin USD,137.68,+3.1032%
2021-07-28 12:58:49.275499,LTC-USD,Litecoin USD,137.68,+3.1032%
2021-07-28 12:58:54.443256,LTC-USD,Litecoin USD,137.68,+3.1032%
2021-07-28 12:58:59.021825,LTC-USD,Litecoin USD,137.68,+3.1032%
2021-07-28 12:59:04.867688,LTC-USD,Litecoin USD,137.68,+3.1032%
2021-07-28 12:59:09.958575,LTC-USD,Litecoin USD,137.68,+3.1032%
2021-07-28 12:59:14.813123,LTC-USD,Litecoin USD,137.58,+3.0902%
2021-07-28 12:59:19.337735,LTC-USD,Litecoin USD,137.58,+3.0902%
2021-07-28 12:59:23.625711,LTC-USD,Litecoin USD,137.58,+3.0902%
2021-07-28 12:59:28.056220,LTC-USD,Litecoin USD,137.58,+3.0902%
2021-07-28 12:59:32.435229,LTC-USD,Litecoin USD,137.58,+3.0902%
2021-07-28 12:59:36.654234,LTC-USD,Litecoin USD,137.58,+3.0902%
2021-07-28 12:59:41.377885,LTC-USD,Litecoin USD,137.58,+3.0902%
2021-07-28 12:59:45.896620,LTC-USD,Litecoin USD,137.58,+3.0902%
2021-07-28 12:59:50.108837,LTC-USD,Litecoin USD,137.58,+3.0902%
2021-07-28 12:59:54.651802,LTC-USD,Litecoin USD,137.58,+3.0902%
2021-07-28 12:59:59.683905,LTC-USD,Litecoin USD,137.58,+3.0902%
2021-07-28 13:00:05.303647,LTC-USD,Litecoin USD,137.58,+3.0902%
2021-07-28 13:00:10.420983,LTC-USD,Litecoin USD,137.58,+3.0902%
2021-07-28 13:00:15.541200,LTC-USD,Litecoin USD,137.58,+3.0902%
2021-07-28 13:00:19.856855,LTC-USD,Litecoin USD,137.58,+3.0902%
2021-07-28 13:00:24.226836,LTC-USD,Litecoin USD,137.58,+3.0902%
2021-07-28 13:00:28.517778,LTC-USD,Litecoin USD,137.63,+3.0505%
2021-07-28 13:00:33.165290,LTC-USD,Litecoin USD,137.63,+3.0505%
2021-07-28 13:00:37.426537,LTC-USD,Litecoin USD,137.63,+3.0505%
2021-07-28 13:00:41.751661,LTC-USD,Litecoin USD,137.63,+3.0505%
2021-07-28 13:00:45.970338,LTC-USD,Litecoin USD,137.63,+3.0505%
2021-07-28 13:00:50.407064,LTC-USD,Litecoin USD,137.63,+3.0505%
2021-07-28 13:00:54.912312,LTC-USD,Litecoin USD,137.63,+3.0505%
2021-07-28 13:00:59.765379,LTC-USD,Litecoin USD,137.63,+3.0505%
2021-07-28 13:01:05.014229,LTC-USD,Litecoin USD,137.63,+3.0505%
2021-07-28 13:01:09.842574,LTC-USD,Litecoin USD,137.63,+3.0505%
2021-07-28 13:01:14.428329,LTC-USD,Litecoin USD,137.66,+3.1001%
2021-07-28 13:01:18.676004,LTC-USD,Litecoin USD,137.66,+3.1001%
2021-07-28 13:01:23.213164,LTC-USD,Litecoin USD,137.66,+3.1001%
2021-07-28 13:01:27.479070,LTC-USD,Litecoin USD,137.66,+3.1001%
2021-07-28 13:01:31.555207,LTC-USD,Litecoin USD,137.66,+3.1001%
2021-07-28 13:01:35.796023,LTC-USD,Litecoin USD,137.66,+3.1001%
2021-07-28 13:01:46.730720,LTC-USD,Litecoin USD,137.66,+3.1001%
2021-07-28 13:01:55.264235,LTC-USD,Litecoin USD,137.66,+3.1001%
2021-07-28 13:02:00.759615,LTC-USD,Litecoin USD,137.66,+3.1001%
2021-07-28 13:02:07.189990,LTC-USD,Litecoin USD,137.66,+3.1001%
2021-07-28 13:02:11.783061,LTC-USD,Litecoin USD,137.66,+3.1001%
2021-07-28 13:02:16.667144,LTC-USD,Litecoin USD,137.57,+3.0007%
2021-07-28 13:02:21.760375,LTC-USD,Litecoin USD,137.57,+3.0007%
2021-07-28 13:02:26.640411,LTC-USD,Litecoin USD,137.57,+3.0007%
2021-07-28 13:02:31.140773,LTC-USD,Litecoin USD,137.57,+3.0007%
2021-07-28 13:02:35.781270,LTC-USD,Litecoin USD,137.57,+3.0007%
2021-07-28 13:02:40.154001,LTC-USD,Litecoin USD,137.57,+3.0007%
2021-07-28 13:02:44.680351,LTC-USD,Litecoin USD,137.57,+3.0007%
2021-07-28 13:02:48.887650,LTC-USD,Litecoin USD,137.57,+3.0007%
2021-07-28 13:02:53.357260,LTC-USD,Litecoin USD,137.57,+3.0007%
2021-07-28 13:02:59.837606,LTC-USD,Litecoin USD,137.57,+3.0007%
2021-07-28 13:03:06.006014,LTC-USD,Litecoin USD,137.57,+3.0007%
2021-07-28 13:03:10.422987,LTC-USD,Litecoin USD,137.57,+3.0007%
2021-07-28 13:03:15.083708,LTC-USD,Litecoin USD,137.35,+2.8106%
2021-07-28 13:03:19.492830,LTC-USD,Litecoin USD,137.35,+2.8106%
2021-07-28 13:03:23.780682,LTC-USD,Litecoin USD,137.35,+2.8106%
2021-07-28 13:03:28.824630,LTC-USD,Litecoin USD,137.35,+2.8106%
2021-07-28 13:03:33.276789,LTC-USD,Litecoin USD,137.35,+2.8106%
2021-07-28 13:03:37.723339,LTC-USD,Litecoin USD,137.35,+2.8106%
2021-07-28 13:03:45.188872,LTC-USD,Litecoin USD,137.35,+2.8106%
2021-07-28 13:03:52.126067,LTC-USD,Litecoin USD,137.35,+2.8106%
2021-07-28 13:03:58.662042,LTC-USD,Litecoin USD,137.35,+2.8106%
2021-07-28 13:04:04.099029,LTC-USD,Litecoin USD,137.35,+2.8106%
2021-07-28 13:04:09.028003,LTC-USD,Litecoin USD,137.35,+2.8106%
2021-07-28 13:04:13.674784,LTC-USD,Litecoin USD,137.35,+2.8106%
2021-07-28 13:04:18.268267,LTC-USD,Litecoin USD,137.32,+2.684%
2021-07-28 13:04:23.127713,LTC-USD,Litecoin USD,137.32,+2.684%
2021-07-28 13:04:28.568698,LTC-USD,Litecoin USD,137.32,+2.684%
2021-07-28 13:04:34.293778,LTC-USD,Litecoin USD,137.32,+2.684%
2021-07-28 13:04:46.709284,LTC-USD,Litecoin USD,137.32,+2.684%
2021-07-28 13:10:07.858460,LTC-USD,Litecoin USD,138.04,+3.4148%
2021-07-28 13:10:12.617063,LTC-USD,Litecoin USD,138.04,+3.4148%
2021-07-28 13:10:17.157273,LTC-USD,Litecoin USD,138.11,+3.4392%
